match_weight,match_probability,source_dataset_l,source_dataset_r,unique_id_l,unique_id_r,firstname_l,firstname_r,gamma_firstname,lastname_l,lastname_r,gamma_lastname,petname_l,petname_r,gamma_petname,dob_l,dob_r,gamma_dob,sex_l,sex_r,gamma_sex,match_key
4.2797590358374284,0.9510376915787334,facility_df,house_df,963,1790,Naiwumbwe,Naiwumbwe,4,Nabirye,Kauma,0,Ganda,Kala,0,1973-01-14,1973-01-05,3,2,2,1,0
4.2797590358374284,0.9510376915787334,facility_df,house_df,1389,2211,Naiwumbwe,Naiwumbwe,4,Nawaguma,Nabirye,0,Nakayiza,Ziba,0,1965-05-09,1965-06-30,3,2,2,1,0
4.295193019988488,0.9515334481509093,facility_df,house_df,605,2549,Irene,Irene,4,Arinda,Apedeti,0,Apedeti,Qama,0,1972-12-09,1972-12-02,4,2,2,1,0
4.3349705762809165,0.9527892733102612,facility_df,house_df,2874,858,Mutesi,Mutesi,4,Jane,Lydia,0,,,-1,1965-05-16,1965-06-02,3,2,2,1,0
4.3349705762809165,0.9527892733102612,facility_df,house_df,2802,858,Mutesi,Mutesi,4,Jane,Lydia,0,,,-1,1965-05-16,1965-06-02,3,2,2,1,0
4.3349705762809165,0.9527892733102612,facility_df,house_df,851,2850,Mutesi,Mutesi,4,Lydia,Jane,0,,,-1,1965-06-02,1965-05-29,3,2,2,1,0
4.3349705762809165,0.9527892733102612,facility_df,house_df,343,931,Mutesi,Mutesi,4,Kyozira,Sarah,0,,,-1,2008-09-10,2008-10-31,3,2,2,1,0
4.3349705762809165,0.9527892733102612,facility_df,house_df,108,167,Mutesi,Mutesi,4,Nakafero,Kutamuwa,0,Kirabo,,-1,2005-03-05,2005-04-01,3,2,2,1,0
4.405546114624436,0.9549416476563405,facility_df,house_df,1983,2525,Fatuma,Fatuma,4,Ndikimwiza,Shadia,0,Angimbi,,-1,2006-02-23,2006-05-23,4,2,2,1,0
4.405546114624436,0.9549416476563405,facility_df,house_df,1582,2032,Fatuma,Fatuma,4,Mutesi,Namulondo,0,Nakalanzi,,-1,1933-04-22,1938-04-22,4,2,2,1,0
4.408573594250632,0.9550318554900253,facility_df,house_df,669,2558,Patience,Patience,4,,Namulawa,-1,,Lani,-1,2001-08-18,1984-08-23,0,2,2,1,0
4.408573594250632,0.9550318554900253,facility_df,house_df,669,3797,Patience,Patience,4,,Nzalambi,-1,,,-1,2001-08-18,2017-03-24,0,2,2,1,0
4.40969062866867,0.9550650955529716,facility_df,house_df,1760,2709,Shamimu,Shamimu,4,,Nabirye,-1,Kiganda,,-1,1947-08-16,1956-03-18,1,2,2,1,0
4.40969062866867,0.9550650955529716,facility_df,house_df,1760,4003,Shamimu,Shamimu,4,,Birungi,-1,Kiganda,,-1,1947-08-16,1940-09-18,1,2,2,1,0
4.40969062866867,0.9550650955529716,facility_df,house_df,2489,3262,Shamimu,Shamimu,4,Nabirye,,-1,,,-1,1956-03-18,1947-09-05,1,2,2,1,0
4.40969062866867,0.9550650955529716,facility_df,house_df,1867,3262,Shamimu,Shamimu,4,Birungi,,-1,Lupita,,-1,1940-08-29,1947-09-05,1,2,2,1,0
4.442773865815432,0.9560390146673466,facility_df,house_df,94,361,Nabirye,Nabirye,4,Tahamada,Namaganda,0,,,-1,1999-08-04,1999-08-13,3,2,2,1,0
4.476692642935899,0.957016605806578,facility_df,house_df,1537,3428,Fatuma,Fatuma,4,Nabirye,Nabirye,4,Kigongo,Ula,0,2028-09-13,2006-03-02,0,2,2,1,0
4.476692642935899,0.957016605806578,facility_df,house_df,261,3967,Fatuma,Fatuma,4,Nabirye,Nabirye,4,Nakkazi,Xara,0,2006-02-17,2028-04-19,0,2,2,1,0
4.480575898527817,0.9571271936636087,facility_df,house_df,2838,362,Naigaga,Naigaga,4,Rahmat,Afua,0,Banda,,-1,1988-07-07,1988-06-20,3,2,2,1,0
4.480575898527817,0.9571271936636087,facility_df,house_df,817,219,Naigaga,Naigaga,4,Nampina,Kauthara,0,Jaja,,-1,1931-01-23,1931-02-10,3,2,2,1,0
4.502800033060152,0.9577548845668269,facility_df,house_df,2382,2467,Fatina,Fatina,4,,Nashuha,-1,Ola,,-1,1981-02-07,1989-08-14,1,2,2,1,0
4.502800033060152,0.9577548845668269,facility_df,house_df,1488,209,Fatina,Fatina,4,Nashuha,,-1,,Ola,-1,1989-08-14,1981-02-07,1,2,2,1,0
4.517977820508062,0.9581785025320838,facility_df,house_df,693,3870,Bimbasa,Bimbasa,4,,James,-1,Batumula,Mukitale,0,1990-03-21,1997-11-07,1,1,1,1,0
4.517977820508062,0.9581785025320838,facility_df,house_df,348,1090,Wilson,Wilson,4,,Aliwo,-1,Masiko,Mukitale,0,1944-03-10,1946-11-21,1,1,1,1,0
4.517977820508062,0.9581785025320838,facility_df,house_df,2277,1252,Azizi,Azizi,4,Mukisa,,-1,Atek,Abbo,0,1997-12-30,2003-12-14,1,1,1,1,0
4.709250910527578,0.9631801722413977,facility_df,house_df,2756,1044,Nubuwati,Nubuwati,4,,Dorothy,-1,,,-1,2014-03-21,2010-12-17,1,2,2,1,0
4.709250910527578,0.9631801722413977,facility_df,house_df,1278,1044,Nubuwati,Nubuwati,4,,Dorothy,-1,Atimango,,-1,2014-04-17,2010-12-17,1,2,2,1,0
4.709250910527578,0.9631801722413977,facility_df,house_df,979,1044,Nubuwati,Nubuwati,4,,Dorothy,-1,Atimango,,-1,2014-04-17,2010-12-17,1,2,2,1,0
4.709250910527578,0.9631801722413977,facility_df,house_df,2756,2411,Nubuwati,Nubuwati,4,,Janat,-1,,,-1,2014-03-21,2024-04-18,1,2,2,1,0
4.709250910527578,0.9631801722413977,facility_df,house_df,1278,2411,Nubuwati,Nubuwati,4,,Janat,-1,Atimango,,-1,2014-04-17,2024-04-18,1,2,2,1,0
4.709250910527578,0.9631801722413977,facility_df,house_df,979,2411,Nubuwati,Nubuwati,4,,Janat,-1,Atimango,,-1,2014-04-17,2024-04-18,1,2,2,1,0
4.709250910527578,0.9631801722413977,facility_df,house_df,1957,1639,Nubuwati,Nubuwati,4,Janat,,-1,,,-1,2024-04-18,2014-03-21,1,2,2,1,0
4.709250910527578,0.9631801722413977,facility_df,house_df,1713,1639,Nubuwati,Nubuwati,4,Janat,,-1,,,-1,2024-04-05,2014-03-21,1,2,2,1,0
4.709250910527578,0.9631801722413977,facility_df,house_df,1088,1639,Nubuwati,Nubuwati,4,Janat,,-1,,,-1,2024-04-05,2014-03-21,1,2,2,1,0
4.709250910527578,0.9631801722413977,facility_df,house_df,2872,1639,Nubuwati,Nubuwati,4,Dorothy,,-1,Nalo,,-1,2010-12-04,2014-03-21,1,2,2,1,0
4.7487721883727,0.964139447135487,facility_df,house_df,2361,4063,Fatuma,Fatuma,4,Mutesi,Mutesi,4,Akuku,Tasha,0,1987-10-07,1933-05-05,0,2,2,1,0
4.7487721883727,0.964139447135487,facility_df,house_df,2361,203,Fatuma,Fatuma,4,Mutesi,Mutesi,4,Akuku,Kirabo,0,1987-10-07,1957-11-29,0,2,2,1,0
4.7487721883727,0.964139447135487,facility_df,house_df,1582,203,Fatuma,Fatuma,4,Mutesi,Mutesi,4,Nakalanzi,Kirabo,0,1933-04-22,1957-11-29,0,2,2,1,0
4.7487721883727,0.964139447135487,facility_df,house_df,1582,1544,Fatuma,Fatuma,4,Mutesi,Mutesi,4,Nakalanzi,Sama,0,1933-04-22,1987-10-20,0,2,2,1,0
4.7487721883727,0.964139447135487,facility_df,house_df,780,1544,Fatuma,Fatuma,4,Mutesi,Mutesi,4,Kirabo,Sama,0,1957-12-26,1987-10-20,0,2,2,1,0
4.7487721883727,0.964139447135487,facility_df,house_df,1241,3982,Babirye,Babirye,4,Mutesi,Mutesi,4,Nsereko,Nyala,0,1949-07-25,2022-09-02,0,2,2,1,0
4.7487721883727,0.964139447135487,facility_df,house_df,771,3982,Babirye,Babirye,4,Mutesi,Mutesi,4,Nsereko,Nyala,0,1949-07-25,2022-09-02,0,2,2,1,0
4.7487721883727,0.964139447135487,facility_df,house_df,780,4063,Fatuma,Fatuma,4,Mutesi,Mutesi,4,Kirabo,Tasha,0,1957-12-26,1933-05-05,0,2,2,1,0
4.752565556956025,0.964230245369383,facility_df,house_df,1403,2103,Shamimu,Shamimu,4,Babirye,Nabirye,3,Kiganda,,-1,1984-04-14,1980-06-28,1,2,2,1,0
4.76518586300767,0.9645307348129338,facility_df,house_df,2815,375,Ruth,Ruth,4,Naigaga,Bushirati,0,Nakato,Lani,0,2014-05-05,2014-06-28,3,2,2,1,0
4.76518586300767,0.9645307348129338,facility_df,house_df,2593,3793,Ruth,Ruth,4,Nangobi,Kamega,0,Nakalanzi,Bintu,0,1935-06-15,1935-07-05,3,2,2,1,0
4.76518586300767,0.9645307348129338,facility_df,house_df,1796,565,Mukisa,Mukisa,4,Charles,Kaliti,0,Nansubuga,Kyomuhendo,0,2010-06-02,2010-07-17,3,1,1,1,0
4.76518586300767,0.9645307348129338,facility_df,house_df,1660,4068,Ruth,Ruth,4,Kamega,Nangobi,0,Bintu,Gia,0,1935-07-05,1935-06-28,3,2,2,1,0
4.800414975468797,0.9653567260911244,facility_df,house_df,2598,3274,Mutesi,Mutesi,4,Kagoya,Kagoya,4,Balamu,Randa,0,2006-06-09,1948-04-30,0,2,2,1,0
4.841518696260976,0.9662970210948402,facility_df,house_df,2720,2767,Mariam,Mariam,4,Babirye,Babirye,4,Nakayiwa,Akira,0,1986-03-14,2013-09-02,0,2,2,1,0
4.853709064874803,0.9665711222476843,facility_df,house_df,1177,2927,Namususwa,Namususwa,4,Naigaga,Naigaga,4,Nabbosa,Chuma,0,2025-02-28,2011-10-07,0,2,2,1,0
4.874490106240906,0.9670334308230181,facility_df,house_df,1623,3488,Nangobi,Nangobi,4,Namukose,Naigaga,0,,Yara,-1,1947-01-25,1947-02-18,3,2,2,1,0
4.950259010031373,0.9686672741165309,facility_df,house_df,2100,3875,Namukobe,Namukobe,4,Mwaiduma,,-1,,,-1,1945-01-12,1942-01-19,1,2,2,1,0
4.9969741127659,0.9696352777908337,facility_df,house_df,407,1942,Nakaziba,Nakaziba,4,Racheal,Mutesi,0,,,-1,2002-06-02,2002-07-15,3,2,2,1,0
5.0339683202481025,0.9703812361876393,facility_df,house_df,1754,1689,Mariam,Mariam,4,Feima,Nakaziba,0,,Leela,-1,2013-07-02,2013-06-28,3,2,2,1,0
5.0339683202481025,0.9703812361876393,facility_df,house_df,1754,3382,Mariam,Mariam,4,Feima,Bagume,0,,Adima,-1,2013-07-02,2013-06-26,3,2,2,1,0
5.087762533781308,0.9714343364599937,facility_df,house_df,1918,3801,Elizabeth,Elizabeth,4,,Namusoke,-1,,,-1,2014-12-25,2008-02-22,1,2,2,1,0
5.087762533781308,0.9714343364599937,facility_df,house_df,1918,3122,Elizabeth,Elizabeth,4,,Nangobi,-1,,Anaya,-1,2014-12-25,2004-05-12,1,2,2,1,0
5.087762533781308,0.9714343364599937,facility_df,house_df,2015,3343,Namuyaga,Namuyaga,4,,Ganafa,-1,Nalo,,-1,1993-12-28,2001-09-25,1,2,2,1,0
5.087762533781308,0.9714343364599937,facility_df,house_df,1893,3343,Namuyaga,Namuyaga,4,,Ganafa,-1,Nalo,,-1,1993-12-28,2001-09-25,1,2,2,1,0
5.087762533781308,0.9714343364599937,facility_df,house_df,2594,3374,Nandase,Nandase,4,Nalubega,,-1,Farida,,-1,1948-04-25,1953-09-11,1,2,2,1,0
5.087762533781308,0.9714343364599937,facility_df,house_df,2814,317,Elizabeth,Elizabeth,4,Namusoke,,-1,,,-1,2008-02-22,2013-09-24,1,2,2,1,0
5.087762533781308,0.9714343364599937,facility_df,house_df,671,317,Elizabeth,Elizabeth,4,Nangobi,,-1,Barungi,,-1,2004-05-19,2013-09-24,1,2,2,1,0
5.186905828149096,0.9732807720749149,facility_df,house_df,1523,1449,Namaganda,Namaganda,4,Namumbya,Shaluwa,0,,Adima,-1,1968-02-11,1968-09-11,4,2,2,1,0
5.186905828149096,0.9732807720749149,facility_df,house_df,1142,1449,Namaganda,Namaganda,4,Namumbya,Shaluwa,0,,Adima,-1,1968-02-11,1968-09-11,4,2,2,1,0
5.210645129482472,0.973705368802028,facility_df,house_df,1573,135,Naigaga,Naigaga,4,Naigaga,Naigaga,4,Wazi,,-1,1997-05-03,1961-09-28,0,2,2,1,0
5.232220688128534,0.9740855654680675,facility_df,house_df,2417,3533,Janet,Janet,4,Naigaga,Naigaga,4,Nakato,Dara,0,1932-05-11,2023-06-30,0,2,2,1,0
5.239117051340083,0.9742059582675047,facility_df,house_df,2280,410,Mugoya,Mugoya,4,Kyaze,Ibrahim,0,Kasekende,Kulubya,0,2016-01-03,2016-01-17,3,1,1,1,0
5.239765627226357,0.9742172526855021,facility_df,house_df,2197,2500,Mirabu,Mirabu,4,,Namususwa,-1,Danda,,-1,1937-12-27,1931-03-04,1,2,2,1,0
5.239765627226357,0.9742172526855021,facility_df,house_df,1823,2500,Mirabu,Mirabu,4,,Namususwa,-1,Danda,,-1,1937-12-20,1931-03-04,1,2,2,1,0
5.239765627226357,0.9742172526855021,facility_df,house_df,52,857,Shamim,Shamim,4,Kafuko,,-1,,Alaba,-1,2008-09-23,1998-01-19,1,2,2,1,0
5.239765627226357,0.9742172526855021,facility_df,house_df,2445,379,Shamim,Shamim,4,,Kafuko,-1,Kazi,,-1,1998-01-13,2008-10-13,1,2,2,1,0
5.291784169493596,0.9751075997410311,facility_df,house_df,203,1638,Nabirye,Nabirye,4,Nabirye,Nabirye,4,,Tala,-1,1932-07-05,1992-02-28,0,2,2,1,0
5.291784169493596,0.9751075997410311,facility_df,house_df,2206,1526,Nabirye,Nabirye,4,Nabirye,Nabirye,4,Asali,,-1,1932-06-22,1972-11-30,0,2,2,1,0
5.291784169493596,0.9751075997410311,facility_df,house_df,2206,2591,Nabirye,Nabirye,4,Nabirye,Nabirye,4,Asali,,-1,1932-06-22,1983-06-01,0,2,2,1,0
5.291784169493596,0.9751075997410311,facility_df,house_df,2206,3244,Nabirye,Nabirye,4,Nabirye,Nabirye,4,Asali,,-1,1932-06-22,1981-07-15,0,2,2,1,0
5.291784169493596,0.9751075997410311,facility_df,house_df,2108,1526,Nabirye,Nabirye,4,Nabirye,Nabirye,4,Tala,,-1,1992-02-28,1972-11-30,0,2,2,1,0
5.291784169493596,0.9751075997410311,facility_df,house_df,2108,3018,Nabirye,Nabirye,4,Nabirye,Nabirye,4,Tala,,-1,1992-02-28,1932-07-05,0,2,2,1,0
5.291784169493596,0.9751075997410311,facility_df,house_df,2108,3244,Nabirye,Nabirye,4,Nabirye,Nabirye,4,Tala,,-1,1992-02-28,1981-07-15,0,2,2,1,0
5.291784169493596,0.9751075997410311,facility_df,house_df,203,1526,Nabirye,Nabirye,4,Nabirye,Nabirye,4,,,-1,1932-07-05,1972-11-30,0,2,2,1,0
5.291784169493596,0.9751075997410311,facility_df,house_df,203,2591,Nabirye,Nabirye,4,Nabirye,Nabirye,4,,,-1,1932-07-05,1983-06-01,0,2,2,1,0
5.291784169493596,0.9751075997410311,facility_df,house_df,203,3244,Nabirye,Nabirye,4,Nabirye,Nabirye,4,,,-1,1932-07-05,1981-07-15,0,2,2,1,0
5.291784169493596,0.9751075997410311,facility_df,house_df,2000,3018,Nabirye,Nabirye,4,Nabirye,Nabirye,4,Kasozi,,-1,1981-07-02,1932-07-05,0,2,2,1,0
5.291784169493596,0.9751075997410311,facility_df,house_df,61,2591,Nabirye,Nabirye,4,Nabirye,Nabirye,4,Agabawe,,-1,1972-11-17,1983-06-01,0,2,2,1,0
5.291784169493596,0.9751075997410311,facility_df,house_df,61,3018,Nabirye,Nabirye,4,Nabirye,Nabirye,4,Agabawe,,-1,1972-11-17,1932-07-05,0,2,2,1,0
5.326945523431218,0.975692375249399,facility_df,house_df,2122,2980,Babirye,Babirye,4,Babirye,Babirye,4,Barungi,Pia,0,1963-04-24,1985-09-07,0,2,2,1,0
5.4005400838092,0.9768732992289904,facility_df,house_df,134,3431,Saufa,Sauya,3,,Tibasima,-1,Akina,Akina,4,2009-07-13,1957-06-01,0,2,2,1,1
5.456060425395881,0.977726947592356,facility_df,house_df,2343,1846,Mutesi,Mutesi,4,Nangobi,Nangobi,4,,Nira,-1,1954-03-23,1938-05-25,0,2,2,1,0
5.456060425395881,0.977726947592356,facility_df,house_df,2343,2158,Mutesi,Mutesi,4,Nangobi,Nangobi,4,,,-1,1954-03-23,2015-07-02,0,2,2,1,0
5.5193951474183445,0.9786631771867677,facility_df,house_df,2186,2075,Babirye,Babirye,4,Sarah,Fatuma,0,,Aya,-1,2016-10-31,2016-10-24,3,2,2,1,0
5.5193951474183445,0.9786631771867677,facility_df,house_df,261,1591,Fatuma,Fatuma,4,Nabirye,Ndikimwiza,0,Nakkazi,,-1,2006-02-17,2006-03-08,3,2,2,1,0
5.60166574764278,0.9798220157947201,facility_df,house_df,2849,514,Naigaga,Naigaga,4,Nangobi,Nangobi,4,,Panda,-1,2012-09-14,1977-02-16,0,2,2,1,0
5.60166574764278,0.9798220157947201,facility_df,house_df,2849,2422,Naigaga,Naigaga,4,Nangobi,Nangobi,4,,Pira,-1,2012-09-14,1943-01-23,0,2,2,1,0
5.60166574764278,0.9798220157947201,facility_df,house_df,2058,514,Naigaga,Naigaga,4,Nangobi,Nangobi,4,,Panda,-1,2012-09-14,1977-02-16,0,2,2,1,0
5.60166574764278,0.9798220157947201,facility_df,house_df,2058,2422,Naigaga,Naigaga,4,Nangobi,Nangobi,4,,Pira,-1,2012-09-14,1943-01-23,0,2,2,1,0
5.60166574764278,0.9798220157947201,facility_df,house_df,880,1277,Naigaga,Naigaga,4,Nangobi,Nangobi,4,Achuma,,-1,1977-02-03,2012-09-27,0,2,2,1,0
5.708602334641303,0.9812365293753258,facility_df,house_df,2418,3752,Kawala,Kawala,4,Shanita,Peace,0,Akoni,Ema,0,1942-01-24,1941-12-27,3,2,2,1,0
5.7157923602218474,0.9813280673989532,facility_df,house_df,1969,1555,Kagoya,Kagoya,4,Naswiba,Anisha,0,,Ila,-1,1935-12-12,1935-12-20,3,2,2,1,0
5.7157923602218474,0.9813280673989532,facility_df,house_df,2752,3546,Kagoya,Kagoya,4,Anisha,Naswiba,0,Alinda,,-1,1935-11-30,1935-12-12,3,2,2,1,0
5.72350040991907,0.9814257139729256,facility_df,house_df,2882,1032,Nangobi,Nangobi,4,Nabirye,Nabirye,4,Nakayiwa,,-1,1950-10-04,1983-03-31,0,2,2,1,0
5.72350040991907,0.9814257139729256,facility_df,house_df,2882,1195,Nangobi,Nangobi,4,Nabirye,Nabirye,4,Nakayiwa,,-1,1950-10-04,1990-05-28,0,2,2,1,0
5.731306408747122,0.9815240907623756,facility_df,house_df,2236,456,Naiwumbwe,Naiwumbwe,4,,Eunice,-1,Tala,Diara,0,1977-11-19,1978-06-13,2,2,2,1,0
5.794588405370336,0.9823029640961931,facility_df,house_df,889,2478,Hasifa,Hasifa,4,Kagoya,Shatra,0,Namazzi,,-1,1949-09-04,1949-01-04,4,2,2,1,0
5.864977733261734,0.9831314647071018,facility_df,house_df,2637,866,Jamira,Jamira,4,Nahiya,Sulaina,0,Kiara,,-1,2012-12-13,2012-12-10,4,2,2,1,0
5.949610434145098,0.9840772531648904,facility_df,house_df,1553,1413,Rwabaga,Rwabaga,4,Kibitawaigulu,Jerome,0,Pasaka,Mukama,0,2018-10-29,2018-09-18,3,1,1,1,0
5.969186282294739,0.9842884771891288,facility_df,house_df,2782,3169,Nasimu,Nasimu,4,Naigaga,Naigaga,4,Yira,Leela,0,1931-05-29,2024-06-21,0,2,2,1,0
6.087113957895033,0.9855037920181035,facility_df,house_df,50,2301,Magoola,Magoola,4,Muzafaru,Sitati,0,Kanyike,Mahoro,0,2017-05-31,2017-04-25,3,1,1,1,0
6.087762533781308,0.9855102130404707,facility_df,house_df,2737,1104,Monic,Monic,4,,Naiwumbwe,-1,Alinda,,-1,1984-12-27,1989-01-09,1,2,2,1,0
6.087762533781308,0.9855102130404707,facility_df,house_df,2737,2351,Monic,Monic,4,,Naikoba,-1,Alinda,,-1,1984-12-27,1979-09-12,1,2,2,1,0
6.087762533781308,0.9855102130404707,facility_df,house_df,1081,3501,Esther,Esther,4,,Safina,-1,Bwino,,-1,1968-07-30,1961-04-22,1,2,2,1,0
6.087762533781308,0.9855102130404707,facility_df,house_df,1163,4,Esther,Esther,4,Safina,,-1,,Inara,-1,1961-04-22,1968-07-30,1,2,2,1,0
6.118063961880865,0.9858070990025635,facility_df,house_df,409,1906,Nakaziba,Nakaziba,4,Mutesi,Mutesi,4,,Kira,-1,2006-02-11,1955-04-21,0,2,2,1,0
6.118063961880865,0.9858070990025635,facility_df,house_df,361,1942,Nakaziba,Nakaziba,4,Mutesi,Mutesi,4,Maimouna,,-1,1955-04-08,2002-07-15,0,2,2,1,0
6.118063961880865,0.9858070990025635,facility_df,house_df,361,2607,Nakaziba,Nakaziba,4,Mutesi,Mutesi,4,Maimouna,,-1,1955-04-08,2006-02-11,0,2,2,1,0
6.12234307035616,0.9858485386657212,facility_df,house_df,1244,3071,Mutesi,Mutesi,4,Naikoba,Naikoba,4,Bakitara,Ria,0,1984-04-28,1969-10-24,0,2,2,1,0
6.1535882096011605,0.9861475287123334,facility_df,house_df,970,1200,Naigaga,Naigaga,4,Nakagolo,Nakagolo,4,Yara,Ama,0,1967-11-21,1970-02-26,1,2,2,1,0
6.216733235917364,0.9867328871235969,facility_df,house_df,873,3334,Mukisa,Mukisa,4,Waigangala,,-1,Beinomugisha,Kanani,0,2025-04-01,2024-07-28,2,1,1,1,0
6.216733235917364,0.9867328871235969,facility_df,house_df,824,3334,Mukisa,Mukisa,4,Waigangala,,-1,Beinomugisha,Kanani,0,2025-04-01,2024-07-28,2,1,1,1,0
6.239117051340083,0.9869344727562613,facility_df,house_df,425,1173,Byansi,Byansi,4,Brian,Isabirye,0,Kyewalabye,Guwatudde,0,2020-02-08,2020-03-14,3,1,1,1,0
6.249464378373,0.9870266349813714,facility_df,house_df,2018,947,Fatuma,Fatuma,4,Naigaga,Naigaga,4,Bino,,-1,2028-07-11,1984-09-11,0,2,2,1,0
6.368405451096508,0.9880410262457998,facility_df,house_df,261,69,Fatuma,Fatuma,4,Nabirye,Nabirye,4,Nakkazi,,-1,2006-02-17,2028-09-26,0,2,2,1,0
6.409042052782396,0.9883693134442258,facility_df,house_df,2704,3268,Alamanzan,Alamanzan,4,Naku,Din,0,Casmir,Kobusheshe,0,1971-09-11,1971-08-28,3,1,1,1,0
6.486466110008004,0.9889703330454138,facility_df,house_df,1465,3459,Brenda,Brenda,4,Salama,Namugogo,0,,,-1,1988-06-13,1998-06-13,4,2,2,1,0
6.545867358779535,0.989410532867155,facility_df,house_df,991,3778,Betty,Betty,4,Namugosa,Nakaziba,0,Nabbosa,,-1,1966-10-10,1966-11-15,3,2,2,1,0
6.5803327148195505,0.9896579274690909,facility_df,house_df,2212,2098,Rehema,Rehema,4,Nakagolo,Nakagolo,4,Nakato,Ziba,0,2000-07-30,2011-02-20,0,2,2,1,0
6.600315142801911,0.9897987343918208,facility_df,house_df,2612,3149,Amina,Amina,4,Brenda,Namulawa,0,Nnabunya,,-1,1947-07-05,1947-06-28,3,2,2,1,0
6.6126619122485035,0.9898847862902401,facility_df,house_df,2294,3647,Fahadi,Fahadi,4,,Kange,-1,Atiko,Kamuhanda,0,2003-06-01,2004-12-03,2,1,1,1,0
6.640484996533309,0.990076076745504,facility_df,house_df,996,45,Babirye,Babirye,4,Mutesi,Mutesi,4,Kisanja,,-1,2022-09-29,1949-07-18,0,2,2,1,0
6.640484996533309,0.990076076745504,facility_df,house_df,166,45,Babirye,Babirye,4,Mutesi,Mutesi,4,Kisanja,,-1,2022-09-29,1949-07-18,0,2,2,1,0
6.640484996533309,0.990076076745504,facility_df,house_df,1603,3982,Babirye,Babirye,4,Mutesi,Mutesi,4,,Nyala,-1,1949-07-18,2022-09-02,0,2,2,1,0
6.692127783629406,0.9904216887712219,facility_df,house_df,2598,1695,Mutesi,Mutesi,4,Kagoya,Kagoya,4,Balamu,,-1,2006-06-09,1974-01-28,0,2,2,1,0
6.692127783629406,0.9904216887712219,facility_df,house_df,291,3274,Mutesi,Mutesi,4,Kagoya,Kagoya,4,,Randa,-1,1974-01-28,1948-04-30,0,2,2,1,0
6.692127783629406,0.9904216887712219,facility_df,house_df,291,2587,Mutesi,Mutesi,4,Kagoya,Kagoya,4,,Ada,-1,1974-01-28,2006-06-22,0,2,2,1,0
6.733231504421584,0.9906882276134643,facility_df,house_df,1643,4113,Mariam,Mariam,4,Babirye,Babirye,4,Akira,,-1,2013-09-02,1986-04-03,0,2,2,1,0
6.745421873035411,0.9907658544950756,facility_df,house_df,181,2927,Namususwa,Namususwa,4,Naigaga,Naigaga,4,,Chuma,-1,2025-02-21,2011-10-07,0,2,2,1,0
6.745421873035411,0.9907658544950756,facility_df,house_df,708,85,Namususwa,Namususwa,4,Naigaga,Naigaga,4,Chuma,,-1,2011-10-07,2025-02-21,0,2,2,1,0
6.815108860611831,0.9911974603523293,facility_df,house_df,319,1401,Nabirye,Nabirye,4,Faima,Faima,4,Oma,Yona,0,2029-05-12,1990-08-16,0,2,2,1,0
6.82407955206124,0.991251547455822,facility_df,house_df,2105,1621,Lawrence,Lawrence,4,Lugonda,Abuneli,0,Kafumbe,Magyezi,0,1959-08-24,1959-07-04,3,1,1,1,0
6.82407955206124,0.991251547455822,facility_df,house_df,2660,2492,Lawrence,Lawrence,4,Abuneli,Lugonda,0,Magyezi,Kafumbe,0,1959-07-04,1959-08-17,3,1,1,1,0
6.908437438164244,0.991744320397162,facility_df,house_df,141,33,Anisha,Anisha,4,Latifa,Nangobi,0,,Rira,-1,1992-09-22,1992-10-04,3,2,2,1,0
6.936124261573197,0.991899973822705,facility_df,house_df,2354,3377,Joan,Joan,4,Nabirye,Nabirye,4,Nira,Mika,0,2016-05-27,1994-08-29,0,2,2,1,0
6.936124261573197,0.991899973822705,facility_df,house_df,619,3377,Joan,Joan,4,Nabirye,Nabirye,4,Nira,Mika,0,2016-05-27,1994-08-29,0,2,2,1,0
6.962413091420671,0.9920450725785581,facility_df,house_df,1159,1081,Hadija,Hadija,4,Mutesi,Mutesi,4,Lule,,-1,1949-02-26,1982-10-26,0,2,2,1,0
6.978826766055642,0.9921343557954675,facility_df,house_df,1069,866,Jamira,Jamira,4,Nahiya,Sulaina,0,Kiara,,-1,2012-11-30,2012-12-10,3,2,2,1,0
7.030311292813899,0.9924080090361771,facility_df,house_df,1261,2539,Mutesi,Mutesi,4,Aniku,Shalifa,0,Shalifa,Fanda,0,1931-01-13,1931-01-13,5,2,2,1,0
7.087113957895033,0.9926989774382842,facility_df,house_df,1378,997,Alihamidu,Alihamidu,4,Igulu,Kigenyi,0,Bugembe,Jogo,0,2018-09-22,2018-09-11,3,1,1,1,0
7.108305236955878,0.9928046700020001,facility_df,house_df,563,3964,Shamimu,Shamimu,4,Babirye,Babirye,4,Jira,Tara,0,2011-01-27,1984-04-07,0,2,2,1,0
7.108305236955878,0.9928046700020001,facility_df,house_df,29,3964,Shamimu,Shamimu,4,Babirye,Babirye,4,Jira,Tara,0,2011-01-27,1984-04-07,0,2,2,1,0
7.108305236955878,0.9928046700020001,facility_df,house_df,1403,2259,Shamimu,Shamimu,4,Babirye,Babirye,4,Kiganda,Jira,0,1984-04-14,2011-01-20,0,2,2,1,0
7.121859168051283,0.9928714730089234,facility_df,house_df,2082,89,Nabirye,Nabirye,4,Nankwanga,Nankwanga,4,Jaja,,-1,2027-07-20,1974-06-03,0,2,2,1,0
7.121859168051283,0.9928714730089234,facility_df,house_df,533,89,Nabirye,Nabirye,4,Nankwanga,Nankwanga,4,,,-1,2027-08-02,1974-06-03,0,2,2,1,0
7.121859168051283,0.9928714730089234,facility_df,house_df,2809,1823,Nabirye,Nabirye,4,Nankwanga,Nankwanga,4,Nandawula,,-1,1974-05-29,2027-08-02,0,2,2,1,0
7.121859168051283,0.9928714730089234,facility_df,house_df,2709,1823,Nabirye,Nabirye,4,Nankwanga,Nankwanga,4,Nandawula,,-1,1974-05-29,2027-08-02,0,2,2,1,0
7.121859168051283,0.9928714730089234,facility_df,house_df,549,1823,Nabirye,Nabirye,4,Nankwanga,Nankwanga,4,,,-1,1974-06-03,2027-08-02,0,2,2,1,0
7.121859168051283,0.9928714730089234,facility_df,house_df,110,1823,Nabirye,Nabirye,4,Nankwanga,Nankwanga,4,Nandawula,,-1,1974-05-29,2027-08-02,0,2,2,1,0
7.123933496289141,0.9928816422382131,facility_df,house_df,2417,1073,Janet,Janet,4,Naigaga,Naigaga,4,Nakato,,-1,1932-05-11,2006-03-03,0,2,2,1,0
7.123933496289141,0.9928816422382131,facility_df,house_df,2417,1134,Janet,Janet,4,Naigaga,Naigaga,4,Nakato,,-1,1932-05-11,1994-10-06,0,2,2,1,0
7.123933496289141,0.9928816422382131,facility_df,house_df,1704,1134,Janet,Janet,4,Naigaga,Naigaga,4,,,-1,2006-03-03,1994-10-06,0,2,2,1,0
7.123933496289141,0.9928816422382131,facility_df,house_df,1704,3533,Janet,Janet,4,Naigaga,Naigaga,4,,Dara,-1,2006-03-03,2023-06-30,0,2,2,1,0
7.123933496289141,0.9928816422382131,facility_df,house_df,1704,1000,Janet,Janet,4,Naigaga,Naigaga,4,,Yara,-1,2006-03-03,1932-05-24,0,2,2,1,0
7.129886373933631,0.9929107458407224,facility_df,house_df,963,2211,Naiwumbwe,Naiwumbwe,4,Nabirye,Nabirye,4,Ganda,Ziba,0,1973-01-14,1965-06-30,1,2,2,1,0
7.213292019692664,0.993306304892528,facility_df,house_df,1251,2575,Kamuyati,Kamuyati,4,Timugibwa,Kauma,0,Vira,,-1,2007-11-11,2007-10-12,3,2,2,1,0
7.292901203911633,0.9936633857515943,facility_df,house_df,2108,2591,Nabirye,Nabirye,4,Nabirye,Nabirye,4,Tala,,-1,1992-02-28,1983-06-01,1,2,2,1,0
7.292901203911633,0.9936633857515943,facility_df,house_df,2000,1526,Nabirye,Nabirye,4,Nabirye,Nabirye,4,Kasozi,,-1,1981-07-02,1972-11-30,1,2,2,1,0
7.292901203911633,0.9936633857515943,facility_df,house_df,2000,2591,Nabirye,Nabirye,4,Nabirye,Nabirye,4,Kasozi,,-1,1981-07-02,1983-06-01,1,2,2,1,0
7.292901203911633,0.9936633857515943,facility_df,house_df,61,3244,Nabirye,Nabirye,4,Nabirye,Nabirye,4,Agabawe,,-1,1972-11-17,1981-07-15,1,2,2,1,0
7.404931327121622,0.9941340480274146,facility_df,house_df,153,2753,Hadija,Hadija,4,Nakagolo,Nakagolo,4,Jira,,-1,2011-12-11,1941-05-23,0,2,2,1,0
7.504374720409111,0.9945226212018351,facility_df,house_df,1705,818,Madina,Madina,4,,Rhahuma,-1,Bino,,-1,1965-05-28,1966-07-06,2,2,2,1,0
7.504374720409111,0.9945226212018351,facility_df,house_df,1705,2469,Madina,Madina,4,,Mirembe,-1,Bino,,-1,1965-05-28,1966-10-25,2,2,2,1,0
7.504374720409111,0.9945226212018351,facility_df,house_df,2114,3843,Madina,Madina,4,Mirembe,,-1,,,-1,1966-10-25,1965-05-21,2,2,2,1,0
7.504374720409111,0.9945226212018351,facility_df,house_df,306,3843,Madina,Madina,4,Rhahuma,,-1,,,-1,1966-07-06,1965-05-21,2,2,2,1,0
7.504374720409111,0.9945226212018351,facility_df,house_df,390,3843,Madina,Madina,4,Rhahuma,,-1,Guma,,-1,1966-06-23,1965-05-21,2,2,2,1,0
7.571392473260363,0.9947699431304464,facility_df,house_df,2291,2874,Sharon,Sharon,4,Naigaga,Naigaga,4,Adidi,,-1,2026-05-15,1988-07-13,0,2,2,1,0
7.600315142801911,0.9948732173601984,facility_df,house_df,1455,3752,Kawala,Kawala,4,Shanita,Peace,0,,Ema,-1,1942-01-17,1941-12-27,3,2,2,1,0
7.600315142801911,0.9948732173601984,facility_df,house_df,221,2943,Kawala,Kawala,4,Peace,Shanita,0,Awino,,-1,1941-12-14,1942-01-17,3,2,2,1,0
7.82407955206124,0.9956065558089053,facility_df,house_df,1795,2579,Mukose,Mukose,4,Baguma,Mutono,0,Mutono,Eriaku,0,2014-01-26,2014-02-15,3,1,1,1,0
7.82407955206124,0.9956065558089053,facility_df,house_df,1023,2661,Kusein,Kusein,4,Ukasha,Twahiru,0,Mwesigwa,Muhammed,0,1977-11-14,1977-12-06,3,1,1,1,0
8.04530101776177,0.9962287775344767,facility_df,house_df,970,735,Naigaga,Naigaga,4,Nakagolo,Nakagolo,4,Yara,,-1,1967-11-21,1969-01-13,1,2,2,1,0
8.108446044077972,0.99638969618488,facility_df,house_df,1748,749,Zaituna,Zaituna,4,,Nadiope,-1,Nakalanzi,,-1,1961-05-08,1960-11-23,2,2,2,1,0
8.108446044077972,0.99638969618488,facility_df,house_df,1748,1119,Zaituna,Zaituna,4,,Kyowansa,-1,Nakalanzi,,-1,1961-05-08,1962-07-15,2,2,2,1,0
8.119180996298903,0.9964163644896233,facility_df,house_df,409,1942,Nakaziba,Nakaziba,4,Mutesi,Mutesi,4,,,-1,2006-02-11,2002-07-15,1,2,2,1,0
8.149765164621169,0.9964912718033571,facility_df,house_df,2489,2103,Shamimu,Shamimu,4,Nabirye,Nabirye,4,,,-1,1956-03-18,1980-06-28,0,2,2,1,0
8.229882163910352,0.9966801808162575,facility_df,house_df,921,1986,Fatuma,Fatuma,4,Shanita,Shanita,4,Mira,Abena,0,1988-10-01,1992-10-03,1,2,2,1,0
8.235684543432106,0.996693461932563,facility_df,house_df,2703,608,Kaziba,Kaziba,4,James,James,4,Nasuna,Najjemba,0,2006-01-25,1947-11-18,0,1,1,1,0
8.315621280411717,0.996871129557999,facility_df,house_df,590,361,Nabirye,Nabirye,4,Namaganda,Namaganda,4,Baraka,,-1,1995-05-19,1999-08-13,1,2,2,1,0
8.315621280411717,0.996871129557999,facility_df,house_df,559,361,Nabirye,Nabirye,4,Namaganda,Namaganda,4,Hira,,-1,1995-06-01,1999-08-13,1,2,2,1,0
8.329910982241623,0.9969018720862559,facility_df,house_df,2522,1029,Zaituna,Zaituna,4,Nakagolo,Nakagolo,4,Panda,Mira,0,2025-04-05,2017-01-03,1,2,2,1,0
8.359984811073938,0.9969655919737195,facility_df,house_df,2805,3221,Hasifa,Hasifa,4,,,-1,Jabari,,-1,1944-11-16,1943-04-06,2,2,2,1,0
8.359984811073938,0.9969655919737195,facility_df,house_df,77,1713,Aisa,Aisa,4,Namuwaya,,-1,Xara,,-1,2003-01-05,2004-09-20,2,2,2,1,0
8.445861591176504,0.9971404436883655,facility_df,house_df,351,3280,Suzan,Suzan,4,Naigaga,Naigaga,4,,Kira,-1,1970-10-27,1951-11-14,0,2,2,1,0
8.477809677353937,0.9972028966014503,facility_df,house_df,901,954,Fatuma,Fatuma,4,Nakiranda,Nakiranda,4,Ndugga,Achara,0,1973-10-12,1969-11-23,1,2,2,1,0
8.477809677353937,0.9972028966014503,facility_df,house_df,616,954,Fatuma,Fatuma,4,Nakiranda,Nakiranda,4,Ndugga,Achara,0,1973-10-12,1969-11-23,1,2,2,1,0
8.477809677353937,0.9972028966014503,facility_df,house_df,901,2357,Fatuma,Fatuma,4,Nakiranda,Nakiranda,4,Ndugga,Tama,0,1973-10-12,1978-01-09,1,2,2,1,0
8.477809677353937,0.9972028966014503,facility_df,house_df,616,2357,Fatuma,Fatuma,4,Nakiranda,Nakiranda,4,Ndugga,Tama,0,1973-10-12,1978-01-09,1,2,2,1,0
8.50437472040911,0.9972537895835624,facility_df,house_df,2886,3001,Hajara,Hajara,4,,Mutesi,-1,,,-1,1964-11-09,1964-01-10,2,2,2,1,0
8.582377232410385,0.997397950880512,facility_df,house_df,1860,1224,Faridah,Faridah,4,,Shadia,-1,Nakalanzi,,-1,2018-07-30,2018-05-24,2,2,2,1,0
8.582377232410385,0.997397950880512,facility_df,house_df,118,4061,Faridah,Faridah,4,Shadia,,-1,Ssali,,-1,2018-05-04,2018-07-30,2,2,2,1,0
8.632343513396094,0.9974863048264707,facility_df,house_df,1966,2671,Nakaziba,Nakaziba,4,Nairuba,Nairuba,4,Bachwa,Lira,0,2014-11-11,1996-08-27,0,2,2,1,0
8.632343513396094,0.9974863048264707,facility_df,house_df,208,2671,Nakaziba,Nakaziba,4,Nairuba,Nairuba,4,Bachwa,Lira,0,2014-11-11,1996-08-27,0,2,2,1,0
8.715792360221847,0.9976272424519809,facility_df,house_df,2438,2720,Haifa,Haifa,4,Alice,Kivainuma,0,Xama,,-1,1945-12-20,1945-12-16,3,2,2,1,0
8.715792360221847,0.9976272424519809,facility_df,house_df,7,2720,Haifa,Haifa,4,Alice,Kivainuma,0,Xama,,-1,1945-12-27,1945-12-16,3,2,2,1,0
8.744623701484823,0.9976740806349128,facility_df,house_df,342,1265,Naigaga,Naigaga,4,Harriet,Harriet,4,Alita,,-1,1966-04-12,1994-04-22,0,2,2,1,0
8.860899090455348,0.9978537984702416,facility_df,house_df,2141,2618,Zulaika,Zulaika,4,Naigaga,Naigaga,4,,,-1,1944-10-27,1974-05-30,0,2,2,1,0
8.870154583568683,0.9978674939122363,facility_df,house_df,2656,136,Naigaga,Naigaga,4,Namuwanga,Namuwanga,4,Eanda,,-1,2007-09-05,1992-06-27,0,2,2,1,0
8.870154583568683,0.9978674939122363,facility_df,house_df,1815,136,Naigaga,Naigaga,4,Namuwanga,Namuwanga,4,Basajjabalaba,,-1,2007-08-23,1992-06-27,0,2,2,1,0
8.978826766055642,0.9980219197925269,facility_df,house_df,69,1686,Nuulu,Nuulu,4,Kiiza,Nabirye,0,,,-1,1943-03-07,1943-02-08,3,2,2,1,0
9.265594645512733,0.9983779170834741,facility_df,house_df,2452,1515,Shanita,Shanita,4,Aisha,Aisha,4,Chika,,-1,1973-08-15,1987-02-19,0,2,2,1,0
9.2928706152154,0.9984082481650226,facility_df,house_df,1588,3875,Namukobe,Namukobe,4,Kasubo,,-1,Nakato,,-1,1941-07-12,1942-01-19,2,2,2,1,0
9.430374138965336,0.9985527434524509,facility_df,house_df,1918,317,Elizabeth,Elizabeth,4,,,-1,,,-1,2014-12-25,2013-09-24,2,2,2,1,0
9.445861591176504,0.9985681746515767,facility_df,house_df,389,2801,Jalia,Jalia,4,Naigaga,Naigaga,4,Ayo,,-1,2021-05-19,1959-04-08,0,2,2,1,0
9.450442480898113,0.9985727073385351,facility_df,house_df,1292,2995,Amina,Amina,4,Nabirye,Nabirye,4,,Sira,-1,1994-05-29,1984-06-06,1,2,2,1,0
9.541703460897226,0.9986600804039282,facility_df,house_df,2283,3835,Hadija,Hadija,4,Babirye,Babirye,4,Sama,,-1,2009-12-27,2019-06-19,1,2,2,1,0
9.64334251234535,0.9987511165134738,facility_df,house_df,1572,3648,Babra,Babra,4,Shakira,Shakira,4,Anaya,Kiara,0,1959-12-29,1948-07-28,0,2,2,1,0
9.64334251234535,0.9987511165134738,facility_df,house_df,1742,2139,Babra,Babra,4,Shakira,Shakira,4,Kiara,Anaya,0,1948-07-28,1959-12-29,0,2,2,1,0
9.73191264973527,0.9988253947089135,facility_df,house_df,893,2143,Madina,Madina,4,Nakadama,Nakadama,4,,Qira,-1,2021-11-13,1934-01-12,0,2,2,1,0
9.73191264973527,0.9988253947089135,facility_df,house_df,1398,3899,Madina,Madina,4,Nakadama,Nakadama,4,Nansamba,,-1,1933-12-30,2021-11-13,0,2,2,1,0
9.73191264973527,0.9988253947089135,facility_df,house_df,1105,3899,Madina,Madina,4,Nakadama,Nakadama,4,Nansamba,,-1,1933-12-30,2021-11-13,0,2,2,1,0
9.836882209336812,0.9989077331165365,facility_df,house_df,435,1201,Naswiba,Naswiba,4,Mutesi,Mutesi,4,,Mena,-1,2008-06-12,1937-08-26,0,2,2,1,0
9.916145487861465,0.9989660643691994,facility_df,house_df,1932,4059,Nangobi,Nangobi,4,Fahima,Fahima,4,Nakato,,-1,1944-04-24,1992-01-02,0,2,2,1,0
9.937241295991235,0.998981057799906,facility_df,house_df,33,2038,Namugabo,Namugabo,4,Nabirye,Nabirye,4,Kabiito,Sira,0,1969-10-28,1960-04-30,1,2,2,1,0
10.303992875970899,0.9992096022994188,facility_df,house_df,2322,648,Hassan,Hassan,4,,Batuli,-1,Nakyejwe,Nakyejwe,4,1983-05-29,1963-04-13,0,1,1,1,0
10.303992875970899,0.9992096022994188,facility_df,house_df,1453,648,Hassan,Hassan,4,,Batuli,-1,Nakyejwe,Nakyejwe,4,1983-06-18,1963-04-13,0,1,1,1,0
10.353220673185445,0.9992360971328534,facility_df,house_df,1029,558,Kaudha,Kaudha,4,Nakaziba,Nakaziba,4,,,-1,1933-10-06,1930-09-04,1,2,2,1,0
10.48554628185403,0.9993029992601007,facility_df,house_df,1907,1720,Nabirye,Nabirye,4,Janat,Janat,4,Ela,,-1,2001-01-01,1991-04-20,1,2,2,1,0
10.48554628185403,0.9993029992601007,facility_df,house_df,1157,1720,Nabirye,Nabirye,4,Janat,Janat,4,Agara,,-1,2001-01-08,1991-04-20,1,2,2,1,0
10.48554628185403,0.9993029992601007,facility_df,house_df,122,1720,Nabirye,Nabirye,4,Janat,Janat,4,Agara,,-1,2001-01-08,1991-04-20,1,2,2,1,0
10.524056321556703,0.9993213458091208,facility_df,house_df,823,2040,Nakaziba,Nakaziba,4,Zulah,Zulah,4,,Rira,-1,2011-01-22,1964-05-14,0,2,2,1,0
10.524056321556703,0.9993213458091208,facility_df,house_df,468,2040,Nakaziba,Nakaziba,4,Zulah,Zulah,4,,Rira,-1,2011-01-02,1964-05-14,0,2,2,1,0
10.524459770652758,0.9993215354392173,facility_df,house_df,1656,1128,Namumbya,Namumbya,4,Babirye,Babirye,4,Nakato,Yona,0,1959-09-29,1956-09-27,1,2,2,1,0
10.602870704733531,0.9993574029733842,facility_df,house_df,1123,2508,Namusobya,Namusobya,4,Namukuve,Namukuve,4,Nakalanzi,,-1,2029-01-10,1993-09-02,0,2,2,1,0
10.602870704733531,0.9993574029733842,facility_df,house_df,99,2508,Namusobya,Namusobya,4,Namukuve,Namukuve,4,Nakalanzi,,-1,2029-01-10,1993-09-02,0,2,2,1,0
10.815108860611831,0.9994452633740734,facility_df,house_df,2019,281,Bazibu,Bazibu,4,Kisambira,Kisambira,4,Mahoro,Masiko,0,1942-06-22,1964-01-05,0,1,1,1,0
10.820421282537964,0.999447301192139,facility_df,house_df,1537,3967,Fatuma,Fatuma,4,Nabirye,Nabirye,4,Kigongo,Xara,0,2028-09-13,2028-04-19,2,2,2,1,0
10.991265815765658,0.9995089948967644,facility_df,house_df,2057,1204,Mulawa,Mulawa,4,Ivan,Ivan,4,Dhizaala,Kabuye,0,1985-03-03,2007-06-19,0,1,1,1,0
10.991265815765658,0.9995089948967644,facility_df,house_df,1283,3033,Mulawa,Mulawa,4,Ivan,Ivan,4,Ntambi,Dhizaala,0,2007-06-26,1985-03-03,0,1,1,1,0
10.991265815765658,0.9995089948967644,facility_df,house_df,375,3033,Mulawa,Mulawa,4,Ivan,Ivan,4,Ntambi,Dhizaala,0,2007-06-26,1985-03-03,0,1,1,1,0
11.125287918721032,0.9995525337849244,facility_df,house_df,1778,3203,Namukose,Namukose,4,Naigaga,Naigaga,4,Emurwon,Mira,0,1949-12-13,1948-04-12,2,2,2,1,0
11.187368667495502,0.9995713722663062,facility_df,house_df,2683,2185,Amina,Amina,4,Namulawa,Brenda,0,,Safi,-1,1947-06-28,1947-06-28,5,2,2,1,0
11.478456857067709,0.9996496613877675,facility_df,house_df,2565,1176,Kagoya,Kagoya,4,Shaluwa,Shaluwa,4,Galabu,,-1,1988-01-17,1979-10-23,1,2,2,1,0
11.478456857067709,0.9996496613877675,facility_df,house_df,2464,3909,Kagoya,Kagoya,4,Shaluwa,Shaluwa,4,Nkumba,,-1,1979-10-30,1988-02-06,1,2,2,1,0
11.828954104151842,0.9997252038533724,facility_df,house_df,2164,831,Namugabo,Namugabo,4,Nabirye,Nabirye,4,Nakyobe,,-1,1960-04-10,1969-10-17,1,2,2,1,0
12.395994696875736,0.9998144960338995,facility_df,house_df,879,3075,Kauma,Kauma,4,Namatende,Namatende,4,,Kala,-1,2016-06-26,2008-05-04,1,2,2,1,0
12.395994696875736,0.9998144960338995,facility_df,house_df,1077,2496,Kauma,Kauma,4,Namatende,Namatende,4,Ayugi,,-1,2008-05-11,2016-07-09,1,2,2,1,0
12.827837069733805,0.9998624766215753,facility_df,house_df,1774,726,Jalila,Jalila,4,Kaudha,Kaudha,4,Inara,,-1,1983-05-24,1939-08-12,0,2,2,1,0
12.827837069733805,0.9998624766215753,facility_df,house_df,2825,2863,Jalila,Jalila,4,Kaudha,Kaudha,4,,Inara,-1,1939-08-12,1983-06-06,0,2,2,1,0
12.975956516538526,0.9998758936611568,facility_df,house_df,1960,3181,Kamuyati,Kamuyati,4,Namukuve,Namukuve,4,Byaruhanga,,-1,1981-03-13,1979-08-21,1,2,2,1,0
13.034363790377334,0.9998808171514446,facility_df,house_df,272,1327,Mariam,Mariam,4,Sulaina,,-1,Achola,Pira,0,1944-06-09,1944-06-02,4,2,2,1,0
13.866851968099837,0.9999330681940787,facility_df,house_df,1007,2866,Patrick,Patrick,4,Faruku,Faruku,4,Mande,Kaliisa,0,1937-08-13,1942-08-19,1,1,1,1,0
14.148212823171242,0.999944926885609,facility_df,house_df,2744,1327,Mariam,Mariam,4,Sulaina,,-1,Vara,Pira,0,1944-05-13,1944-06-02,3,2,2,1,0
14.536172354923997,0.9999579120454236,facility_df,house_df,2066,3217,Zauja,Zauja,4,Kyowansa,Kyowansa,4,Gona,,-1,1978-01-19,1976-06-28,1,2,2,1,0
15.600710612931143,0.9999798762268913,facility_df,house_df,1832,3164,Siraji,Siraji,4,,,-1,Bulimu,Kyeyune,0,2002-01-02,2002-01-22,4,1,1,1,0
15.714559645725052,0.9999814032050971,facility_df,house_df,1783,1924,Amina,Amina,4,,,-1,Nabbosa,Tama,0,1967-06-02,1967-05-26,3,2,2,1,0
15.771143174091419,0.9999821184536496,facility_df,house_df,1748,967,Zaituna,Zaituna,4,,,-1,Nakalanzi,Wama,0,1961-05-08,1961-04-11,3,2,2,1,0
15.944935625789258,0.9999841478120401,facility_df,house_df,1705,3843,Madina,Madina,4,,,-1,Bino,,-1,1965-05-28,1965-05-21,4,2,2,1,0
15.979222236184874,0.9999845201026439,facility_df,house_df,138,187,Isima,Isima,4,,,-1,Nsereko,Kalyesubula,0,1961-04-29,1961-04-22,4,1,1,1,0
16.131225329629924,0.999986068070813,facility_df,house_df,162,1027,Ivan,Ivan,4,,,-1,Nakkazi,Isingoma,0,1965-09-07,1965-09-27,4,1,1,1,0
16.131225329629924,0.999986068070813,facility_df,house_df,2445,857,Shamim,Shamim,4,,,-1,Kazi,Alaba,0,1998-01-13,1998-01-19,4,2,2,1,0
16.16707185042256,0.999986409966451,facility_df,house_df,2294,3036,Fahadi,Fahadi,4,,,-1,Atiko,Mirembe,0,2003-06-01,2003-05-25,3,1,1,1,0
16.245074362423832,0.9999871252221658,facility_df,house_df,2239,1956,Faridah,Faridah,4,,,-1,Nakalanzi,Pia,0,1945-11-02,1945-10-22,3,2,2,1,0
16.264632447010786,0.9999872985808289,facility_df,house_df,882,2221,Najuwa,Najuwa,4,Naiwumbwe,Naiwumbwe,4,Safia,Saba,1,1973-05-10,1973-03-29,2,2,2,1,0
16.721749671305595,0.9999907477416565,facility_df,house_df,1758,686,Kagoya,Kagoya,4,,,-1,Bahati,,-1,1973-09-23,1973-10-13,3,2,2,1,0
16.950519370095893,0.9999921044607193,facility_df,house_df,1368,2107,Josephine,Josephine,4,Nangoby,Nangobi,3,Namara,Ura,0,2021-04-02,2021-03-26,3,2,2,1,0
17.093986355863926,0.9999928518401304,facility_df,house_df,651,3167,Kawala,Kawala,4,Fahima,Fahima,4,Bulo,Aylin,0,2005-12-30,2004-04-29,2,2,2,1,0
17.245074362423832,0.9999935625696427,facility_df,house_df,1560,2908,Mutwalibi,Mutwalibi,4,,,-1,Abooki,Kyomuhendo,0,1939-06-26,1939-07-16,3,1,1,1,0
17.301150331072236,0.9999938079835465,facility_df,house_df,2893,632,Safalu,Safalu,4,,,-1,Atek,Igomu,0,2025-04-07,2025-04-27,4,1,1,1,0
17.301150331072236,0.9999938079835465,facility_df,house_df,2207,632,Safalu,Safalu,4,,,-1,Atek,Igomu,0,2025-04-07,2025-04-27,4,1,1,1,0
17.73343152059555,0.9999954111570625,facility_df,house_df,2707,3875,Namukobe,Namukobe,4,Mwaiduma,,-1,Jangu,,-1,1945-01-19,1942-01-19,4,2,2,1,0
17.98478407713939,0.9999961448715502,facility_df,house_df,827,2820,Rose,Rose,4,,,-1,,,-1,2000-02-01,2000-01-12,3,2,2,1,0
18.103221866304075,0.9999964487139305,facility_df,house_df,1573,2244,Naigaga,Naigaga,4,Naigaga,Naigaga,4,Wazi,Zola,0,1997-05-03,1997-05-23,4,2,2,1,0
18.306712172026753,0.9999969158948622,facility_df,house_df,1760,3262,Shamimu,Shamimu,4,,,-1,Kiganda,,-1,1947-08-16,1947-09-05,3,2,2,1,0
18.414999363866144,0.999997138909609,facility_df,house_df,693,3834,Bimbasa,Bimbasa,4,,,-1,Batumula,Kateregga,0,1990-03-21,1990-04-10,3,1,1,1,0
18.449099684864777,0.9999972057427378,facility_df,house_df,1568,271,Nankwanga,Nankwanga,4,Victo,Victo,4,,,-1,2006-10-07,2005-08-03,2,2,2,1,0
18.60627245388566,0.9999974941631264,facility_df,house_df,1278,1639,Nubuwati,Nubuwati,4,,,-1,Atimango,,-1,2014-04-17,2014-03-21,3,2,2,1,0
18.60627245388566,0.9999974941631264,facility_df,house_df,979,1639,Nubuwati,Nubuwati,4,,,-1,Atimango,,-1,2014-04-17,2014-03-21,3,2,2,1,0
18.616077146740672,0.9999975111352527,facility_df,house_df,2882,3413,Nangobi,Nangobi,4,Nabirye,Nabirye,4,Nakayiwa,Panda,0,1950-10-04,1950-10-24,4,2,2,1,0
18.870935044345483,0.9999979141570803,facility_df,house_df,2345,1554,Monic,Monic,4,Naiwumbwe,,-1,Namaganda,,-1,1988-12-27,1984-12-27,4,2,2,1,0
19.414999363866144,0.999998569452758,facility_df,house_df,1509,3378,Balyegisawa,Balyegisawa,4,,,-1,Nakalema,Lukwago,0,1945-09-13,1945-08-17,3,1,1,1,0
19.60809151725829,0.999998748658776,facility_df,house_df,880,514,Naigaga,Naigaga,4,Nangobi,Nangobi,4,Achuma,Panda,0,1977-02-03,1977-02-16,3,2,2,1,0
19.650292862078587,0.9999987847324623,facility_df,house_df,1444,1118,Mutesi,Mutesi,4,Naiwumbwe,Naiwumbwe,4,Nambi,Fara,0,2027-04-01,2027-04-21,4,2,2,1,0
20.124489731496375,0.9999991251681954,facility_df,house_df,361,1906,Nakaziba,Nakaziba,4,Mutesi,Mutesi,4,Maimouna,Kira,0,1955-04-08,1955-04-21,3,2,2,1,0
20.161483938978577,0.9999991473158172,facility_df,house_df,1842,3944,Mariam,Mariam,4,Mutesi,Mutesi,4,Kasozi,Yira,0,1985-09-13,1985-09-26,3,2,2,1,0
20.161483938978577,0.9999991473158172,facility_df,house_df,255,3944,Mariam,Mariam,4,Mutesi,Mutesi,4,Kasozi,Yira,0,1985-09-13,1985-09-26,3,2,2,1,0
20.171977181859365,0.9999991534951927,facility_df,house_df,2096,1927,Kagoya,Kagoya,4,Nakagolo,Nakagolo,4,Nabbosa,Fara,0,1956-06-07,1956-06-27,4,2,2,1,0
20.192863139232845,0.9999991656617879,facility_df,house_df,2315,2137,Kobusingye,Kobusingye,4,,,-1,Namutebi,,-1,1968-10-01,1968-10-21,4,2,2,1,0
20.255890147988513,0.9999992013267668,facility_df,house_df,2018,743,Fatuma,Fatuma,4,Naigaga,Naigaga,4,Bino,Hara,0,2028-07-11,2028-06-21,3,2,2,1,0
20.255890147988513,0.9999992013267668,facility_df,house_df,1430,1714,Babirye,Babirye,4,Naigaga,Naigaga,4,Bangi,Sira,0,1946-05-11,1946-05-24,3,2,2,1,0
20.283702264418196,0.9999992165760304,facility_df,house_df,2884,46,Babirye,Babirye,4,Namaganda,Namaganda,4,Nkima,Azara,0,2026-06-06,2026-06-26,4,2,2,1,0
20.32093001560919,0.9999992365331335,facility_df,house_df,590,3118,Nabirye,Nabirye,4,Namaganda,Namaganda,4,Baraka,Hira,0,1995-05-19,1995-06-01,3,2,2,1,0
20.374831220712018,0.9999992645310769,facility_df,house_df,261,3428,Fatuma,Fatuma,4,Nabirye,Nabirye,4,Nakkazi,Ula,0,2006-02-17,2006-03-02,3,2,2,1,0
20.64691076614882,0.999999390939721,facility_df,house_df,2361,1544,Fatuma,Fatuma,4,Mutesi,Mutesi,4,Akuku,Sama,0,1987-10-07,1987-10-20,3,2,2,1,0
20.64691076614882,0.999999390939721,facility_df,house_df,1582,4063,Fatuma,Fatuma,4,Mutesi,Mutesi,4,Nakalanzi,Tasha,0,1933-04-22,1933-05-05,3,2,2,1,0
20.64691076614882,0.999999390939721,facility_df,house_df,996,3982,Babirye,Babirye,4,Mutesi,Mutesi,4,Kisanja,Nyala,0,2022-09-29,2022-09-02,3,2,2,1,0
20.64691076614882,0.999999390939721,facility_df,house_df,166,3982,Babirye,Babirye,4,Mutesi,Mutesi,4,Kisanja,Nyala,0,2022-09-29,2022-09-02,3,2,2,1,0
20.65002447866401,0.9999993922528138,facility_df,house_df,2601,1684,Sumaya,Sumaya,4,Nabirye,Nabirye,4,Baguru,Ema,0,1971-10-04,1971-10-24,4,2,2,1,0
20.65002447866401,0.9999993922528138,facility_df,house_df,1786,1684,Sumaya,Sumaya,4,Nabirye,Nabirye,4,Baguru,Ema,0,1971-10-04,1971-10-24,4,2,2,1,0
20.698553553244917,0.9999994123560647,facility_df,house_df,2598,2587,Mutesi,Mutesi,4,Kagoya,Kagoya,4,Balamu,Ada,0,2006-06-09,2006-06-22,3,2,2,1,0
20.81852330543661,0.999999459245945,facility_df,house_df,56,3495,Mutesi,Mutesi,4,Babirye,Babirye,4,Nalukwago,,-1,1944-07-06,1944-07-26,4,2,2,1,0
20.834262839349318,0.9999994651134031,facility_df,house_df,2353,2206,Sarah,Sarah,4,Nabirye,Nabirye,4,Nyama,Vara,0,2005-09-16,2005-08-20,3,2,2,1,0
20.844158875491814,0.9999994687698526,facility_df,house_df,1328,2018,Naigaga,Naigaga,4,Kagoya,Kagoya,4,Nakayiza,Saba,0,2022-04-10,2022-04-03,3,2,2,1,0
20.89895868745295,0.9999994885698409,facility_df,house_df,1597,1115,Nakidodo,Nakidodo,4,Nakagolo,Nakagolo,4,Nambi,Ria,0,1932-12-06,1932-12-26,4,2,2,1,0
20.89895868745295,0.9999994885698409,facility_df,house_df,646,1115,Nakidodo,Nakidodo,4,Nakagolo,Nakagolo,4,Nambi,Ria,0,1932-12-06,1932-12-26,4,2,2,1,0
20.89909778974562,0.9999994886191498,facility_df,house_df,2013,1969,Babirye,Babirye,4,Nakaziba,Nakaziba,4,Nakalanzi,Esa,0,1940-03-30,1940-04-12,3,2,2,1,0
20.89909778974562,0.9999994886191498,facility_df,house_df,531,1969,Babirye,Babirye,4,Nakaziba,Nakaziba,4,Nakalanzi,Esa,0,1940-03-30,1940-04-12,3,2,2,1,0
20.94673756860773,0.999999505229878,facility_df,house_df,200,1840,Florence,Florence,4,Nabirye,Nabirye,4,Kamya,Azara,0,1976-01-26,1976-01-19,3,2,2,1,0
20.96317838501169,0.9999995108362235,facility_df,house_df,1281,1538,Mutesi,Mutesi,4,Naigaga,Naigaga,4,Akena,,-1,2024-11-26,2024-12-16,3,2,2,1,0
20.968838861036183,0.9999995127517175,facility_df,house_df,1159,1901,Hadija,Hadija,4,Mutesi,Mutesi,4,Lule,Oma,0,1949-02-26,1949-03-11,3,2,2,1,0
20.986265932794367,0.9999995186020371,facility_df,house_df,1676,3655,Namuwaya,Namuwaya,4,Nabirye,Nabirye,4,Alinda,Atiya,0,2001-04-11,2001-05-01,3,2,2,1,0
21.002052888559735,0.9999995238411034,facility_df,house_df,1557,139,Fred,Fred,4,,,-1,Wazi,Kirabira,0,2001-05-01,2001-05-01,5,1,1,1,0
21.002052888559735,0.9999995238411034,facility_df,house_df,776,139,Fred,Fred,4,,,-1,Wazi,Kirabira,0,2001-05-01,2001-05-01,5,1,1,1,0
21.022999721959728,0.9999995307046176,facility_df,house_df,2377,141,Lovisa,Lovisa,4,Kampy,Kampi,3,Nambi,Qima,0,2020-04-03,2020-04-03,5,2,2,1,0
21.112405983195682,0.9999995589048051,facility_df,house_df,2,2741,Fatuma,Fatuma,4,,Zaina,-1,Zaina,,-1,2017-08-24,2017-08-24,5,2,2,1,0
21.13035926590465,0.9999995643598965,facility_df,house_df,2417,1000,Janet,Janet,4,Naigaga,Naigaga,4,Nakato,Yara,0,1932-05-11,1932-05-24,3,2,2,1,0
21.14286826081123,0.9999995681208166,facility_df,house_df,417,1560,Namususwa,Namususwa,4,Nangobi,Nangobi,4,Alur,Bria,0,1957-10-28,1957-11-17,3,2,2,1,0
21.156645528103375,0.9999995722254899,facility_df,house_df,564,3426,Nangobi,Nangobi,4,Namusubo,Namusubo,4,Nakiwala,Jama,0,2026-10-07,2026-10-27,4,2,2,1,0
21.189922747269716,0.9999995819796104,facility_df,house_df,2206,3018,Nabirye,Nabirye,4,Nabirye,Nabirye,4,Asali,,-1,1932-06-22,1932-07-05,3,2,2,1,0
21.189922747269716,0.9999995819796104,facility_df,house_df,2000,3244,Nabirye,Nabirye,4,Nabirye,Nabirye,4,Kasozi,,-1,1981-07-02,1981-07-15,3,2,2,1,0
21.189922747269716,0.9999995819796104,facility_df,house_df,61,1526,Nabirye,Nabirye,4,Nabirye,Nabirye,4,Agabawe,,-1,1972-11-17,1972-11-30,3,2,2,1,0
21.206728954876525,0.9999995868209477,facility_df,house_df,844,548,Naigaga,Naigaga,4,Aisha,Aisha,4,Alamu,Mama,0,2009-05-30,2009-06-19,3,2,2,1,0
21.23337772652351,0.9999995943829344,facility_df,house_df,1060,1658,Sauya,Sauya,4,Nakagolo,Nakagolo,4,Awono,Amaya,0,1949-07-06,1949-07-26,4,2,2,1,0
21.282362359349705,0.9999996079238898,facility_df,house_df,2161,3227,Shanita,Shanita,4,Naigaga,Naigaga,4,Jangu,Manda,0,1953-11-12,1953-10-16,3,2,2,1,0
21.310174475779387,0.9999996154098979,facility_df,house_df,656,1223,Shanita,Shanita,4,Namaganda,Namaganda,4,Shona,Fara,0,1939-01-28,1939-01-21,4,2,2,1,0
21.377005984257593,0.99999963281932,facility_df,house_df,1157,3628,Nabirye,Nabirye,4,Janat,Janat,4,Agara,Ela,0,2001-01-08,2001-01-01,4,2,2,1,0
21.377005984257593,0.99999963281932,facility_df,house_df,122,3628,Nabirye,Nabirye,4,Janat,Janat,4,Agara,Ela,0,2001-01-08,2001-01-01,4,2,2,1,0
21.383876360315025,0.9999996345637436,facility_df,house_df,2829,1525,Nankwanga,Nankwanga,4,Nangobi,Nangobi,4,Agabaire,Kiara,0,2019-01-02,2019-01-15,3,2,2,1,0
21.383876360315025,0.9999996345637436,facility_df,house_df,1521,1525,Nankwanga,Nankwanga,4,Nangobi,Nangobi,4,Agabaire,Kiara,0,2019-01-02,2019-01-15,3,2,2,1,0
21.393393671738448,0.999999636966554,facility_df,house_df,2815,3403,Ruth,Ruth,4,Naigaga,Naigaga,4,Nakato,Ema,0,2014-05-05,2014-04-28,3,2,2,1,0
21.458353584441348,0.9999996529502285,facility_df,house_df,176,311,Margret,Margret,4,Nabirye,Nabirye,4,Sira,Sira,4,2024-10-02,2023-07-23,2,2,2,1,0
21.462002292706515,0.99999965382684,facility_df,house_df,1006,2905,Nabirye,Nabirye,4,Nangobi,Nangobi,4,Abiri,,-1,1977-09-20,1977-10-03,3,2,2,1,0
21.4998043254189,0.9999996627795911,facility_df,house_df,2849,1277,Naigaga,Naigaga,4,Nangobi,Nangobi,4,,,-1,2012-09-14,2012-09-27,3,2,2,1,0
21.4998043254189,0.9999996627795911,facility_df,house_df,2058,1277,Naigaga,Naigaga,4,Nangobi,Nangobi,4,,,-1,2012-09-14,2012-09-27,3,2,2,1,0
21.512334744461953,0.9999996656958099,facility_df,house_df,2182,1718,Mwesigwa,Mwesigwa,4,Nabirye,Nabirye,4,Baraka,Fara,0,1950-06-29,1950-07-12,3,2,2,1,0
21.529711418017623,0.9999996696982142,facility_df,house_df,1177,85,Namususwa,Namususwa,4,Naigaga,Naigaga,4,Nabbosa,,-1,2025-02-28,2025-02-21,4,2,2,1,0
21.64493243873441,0.9999996950518877,facility_df,house_df,2223,1242,Lukia,Lukia,4,Naigaga,Naigaga,4,Wazi,Dara,0,1958-02-07,1958-01-31,3,2,2,1,0
21.648891810113913,0.9999996958876479,facility_df,house_df,2728,3204,Namukose,Namukose,4,Babirye,Babirye,4,Enya,Zara,0,1966-08-04,1966-08-17,3,2,2,1,0
21.680124793672373,0.9999997024006364,facility_df,house_df,2015,142,Namuyaga,Namuyaga,4,,,-1,Nalo,Dalia,0,1993-12-28,1993-12-28,5,2,2,1,0
21.680124793672373,0.9999997024006364,facility_df,house_df,1893,142,Namuyaga,Namuyaga,4,,,-1,Nalo,Dalia,0,1993-12-28,1993-12-28,5,2,2,1,0
21.72992617953458,0.999999712498383,facility_df,house_df,2652,1237,Nangobi,Nangobi,4,Nakiranda,Nakiranda,4,Wamala,Yara,0,1983-09-24,1983-10-07,3,2,2,1,0
21.784414289898756,0.9999997231543267,facility_df,house_df,2593,4068,Ruth,Ruth,4,Nangobi,Nangobi,4,Nakalanzi,Gia,0,1935-06-15,1935-06-28,3,2,2,1,0
21.79671723887295,0.99999972550516,facility_df,house_df,592,2051,Mutesi,Mutesi,4,Nakagolo,Nakagolo,4,Nalubega,,-1,1935-04-11,1935-04-24,3,2,2,1,0
21.8569829158494,0.9999997367354316,facility_df,house_df,738,2089,Sarah,Sarah,4,Namaganda,Namaganda,4,Nalukenge,Xara,0,2025-08-11,2025-08-24,3,2,2,1,0
21.904520528407467,0.9999997452687834,facility_df,house_df,1399,2338,Nabirye,Nabirye,4,Nakagolo,Nakagolo,4,,,-1,1996-11-04,1996-11-17,3,2,2,1,0
21.908263420793094,0.9999997459287951,facility_df,house_df,2374,1987,Justine,Justine,4,Nabirye,Nabirye,4,Nakato,Mira,0,1958-11-12,1958-11-05,3,2,2,1,0
21.962049695373544,0.9999997552266289,facility_df,house_df,749,606,Nankwanga,Nankwanga,4,Babirye,Babirye,4,Apeyo,Kirabo,0,2018-03-12,2018-03-25,3,2,2,1,0
21.986265932794367,0.9999997593009606,facility_df,house_df,2783,2974,Derick,Derick,4,Nabirye,Nabirye,4,Ampeire,Igeme,0,1970-06-16,1970-06-29,3,1,1,1,0
21.99249335199221,0.999999760337703,facility_df,house_df,671,3122,Elizabeth,Elizabeth,4,Nangobi,Nangobi,4,Barungi,Anaya,0,2004-05-19,2004-05-12,4,2,2,1,0
22.002052888559735,0.999999761920495,facility_df,house_df,5,1179,Nakalema,Nakalema,4,,,-1,Nkwanga,Vida,0,2026-02-27,2026-02-27,5,2,2,1,0
22.02048164813228,0.999999764942343,facility_df,house_df,1244,698,Mutesi,Mutesi,4,Naikoba,Naikoba,4,Bakitara,Ora,0,1984-04-28,1984-05-11,3,2,2,1,0
22.03595305689472,0.9999997674496242,facility_df,house_df,1873,1978,Sumaya,Sumaya,4,Nangobi,Nangobi,4,Nakalema,Vira,0,1979-09-12,1979-09-05,3,2,2,1,0
22.03595305689472,0.9999997674496242,facility_df,house_df,232,957,Christine,Christine,4,Mutesi,Mutesi,4,Nakalanzi,Sela,0,1931-06-23,1931-07-06,3,2,2,1,0
22.049627993791795,0.9999997696434951,facility_df,house_df,2478,1742,Naiwumbwe,Naiwumbwe,4,Namaganda,Namaganda,4,Bihani,Jaira,0,2013-01-10,2013-01-23,3,2,2,1,0
22.16608697037918,0.9999997875078733,facility_df,house_df,1211,3145,Naigaga,Naigaga,4,Naikoba,Naikoba,4,Bintu,Kama,0,1938-11-25,1938-12-15,3,2,2,1,0
22.17125744710515,0.9999997882680609,facility_df,house_df,2123,2523,Mwesigwa,Mwesigwa,4,Naigaga,Naigaga,4,Alinga,,-1,2023-01-08,2023-01-28,4,2,2,1,0
22.19469796650213,0.9999997916804269,facility_df,house_df,2107,151,Bumali,Bumali,4,,,-1,Kafeero,Male,0,2004-02-10,2004-02-10,5,1,1,1,0
22.19469796650213,0.9999997916804269,facility_df,house_df,569,1239,Ashirafu,Ashirafu,4,,,-1,Wanuri,Nalubega,0,2020-11-06,2020-11-06,5,1,1,1,0
22.206364223477568,0.9999997933581961,facility_df,house_df,1427,2207,Nangobi,Nangobi,4,Namuwaya,Namuwaya,4,Nyama,Landa,0,1957-04-22,1957-05-05,3,2,2,1,0
22.24930033862816,0.9999997994174591,facility_df,house_df,1090,3440,Bushira,Bushira,4,Nabirye,Nabirye,4,Nakyobe,Giza,0,2022-12-26,2023-01-08,3,2,2,1,0
22.266544028872627,0.9999998018006337,facility_df,house_df,1537,69,Fatuma,Fatuma,4,Nabirye,Nabirye,4,Kigongo,,-1,2028-09-13,2028-09-26,3,2,2,1,0
22.33681014337208,0.9999998112225752,facility_df,house_df,1247,2157,Jamawa,Jamawa,4,Naigaga,Naigaga,4,Nanziri,Ama,0,1933-08-23,1933-09-05,3,2,2,1,0
22.38305172751699,0.9999998171773683,facility_df,house_df,2847,1140,Mutesi,Mutesi,4,Peace,Peace,4,Nankya,Ada,0,2007-10-20,2007-11-09,3,2,2,1,0
22.417090387838577,0.9999998214403606,facility_df,house_df,2375,3696,Igaga,Igaga,4,,,-1,Ankole,Ebitu,0,2003-12-03,2003-12-03,5,1,1,1,0
22.422796214101112,0.9999998221451651,facility_df,house_df,144,2486,Aisa,Aisa,4,Naigaga,Naigaga,4,,,-1,2000-12-28,2000-12-08,4,2,2,1,0
22.429121376212972,0.9999998229232214,facility_df,house_df,2616,563,Naigaga,Naigaga,4,Wotali,Wotali,4,Amaliza,Yira,0,1993-11-25,1993-12-08,3,2,2,1,0
22.429121376212972,0.9999998229232214,facility_df,house_df,1293,3913,Naigaga,Naigaga,4,Mercy,Mercy,4,Gatungo,Lila,0,1949-04-02,1949-04-15,3,2,2,1,0
22.429121376212972,0.9999998229232214,facility_df,house_df,168,1849,Naigaga,Naigaga,4,Naisanga,Naisanga,4,Katikkiro,Mena,0,1949-02-03,1949-01-27,3,2,2,1,0
22.469531051036483,0.9999998278142961,facility_df,house_df,475,1568,Hadija,Hadija,4,Naigaga,Naigaga,4,Amanya,,-1,1982-04-05,1982-04-18,3,2,2,1,0
22.47847129259567,0.9999998288780148,facility_df,house_df,2212,1008,Rehema,Rehema,4,Nakagolo,Nakagolo,4,Nakato,Gala,0,2000-07-30,2000-08-12,3,2,2,1,0
22.47847129259567,0.9999998288780148,facility_df,house_df,602,843,Amina,Amina,4,Namaganda,Namaganda,4,Kasango,Bila,0,1939-04-07,1939-05-10,3,2,2,1,0
22.52047281390563,0.9999998337881075,facility_df,house_df,2519,3805,Nakagolo,Nakagolo,4,Fatuma,Fatuma,4,Balimwezo,Vida,0,1984-02-05,1984-02-18,3,2,2,1,0
22.53862357430943,0.9999998358661443,facility_df,house_df,1241,45,Babirye,Babirye,4,Mutesi,Mutesi,4,Nsereko,,-1,1949-07-25,1949-07-18,3,2,2,1,0
22.53862357430943,0.9999998358661443,facility_df,house_df,771,45,Babirye,Babirye,4,Mutesi,Mutesi,4,Nsereko,,-1,1949-07-25,1949-07-18,3,2,2,1,0
22.57122843351552,0.9999998395339609,facility_df,house_df,729,2230,Fazira,Fazira,4,Nabirye,Nabirye,4,Ssengendo,Dina,0,1986-12-18,1986-12-31,3,2,2,1,0
22.600643162589613,0.9999998427725327,facility_df,house_df,388,84,Nakagolo,Nakagolo,4,Aisha,Aisha,4,Kizito,Dama,0,1950-01-20,1950-01-13,3,2,2,1,0
22.6014727338319,0.9999998428629149,facility_df,house_df,2220,3450,Sharuwa,Sharuwa,4,Naigaga,Naigaga,4,Nalubega,Gama,0,1971-04-04,1971-04-24,4,2,2,1,0
22.62163898769519,0.9999998450441252,facility_df,house_df,408,3348,Nakagolo,Nakagolo,4,Nabirye,Nabirye,4,Nagawa,,-1,1973-03-18,1973-03-31,3,2,2,1,0
22.631370082197705,0.9999998460857978,facility_df,house_df,2720,4113,Mariam,Mariam,4,Babirye,Babirye,4,Nakayiwa,,-1,1986-03-14,1986-04-03,3,2,2,1,0
22.64583818327676,0.999999847621616,facility_df,house_df,2886,2127,Hajara,Hajara,4,,,-1,,,-1,1964-11-09,1964-11-09,5,2,2,1,0
22.65002447866401,0.9999998480631342,facility_df,house_df,2776,3961,Aisa,Aisa,4,Nakiranda,Nakiranda,4,Kibuga,Femi,0,1956-12-09,1956-12-02,4,2,2,1,0
22.680124793672373,0.9999998512002961,facility_df,house_df,1081,4,Esther,Esther,4,,,-1,Bwino,Inara,0,1968-07-30,1968-07-30,5,2,2,1,0
22.680124793672373,0.9999998512002961,facility_df,house_df,2569,3825,Muzafaru,Muzafaru,4,,,-1,Basambu,Jogo,0,2018-12-27,2018-12-27,5,1,1,1,0
22.680124793672373,0.9999998512002961,facility_df,house_df,775,4094,Kyambalango,Kyambalango,4,,,-1,Nakato,Magyezi,0,2011-10-12,2011-10-12,5,1,1,1,0
22.680124793672373,0.9999998512002961,facility_df,house_df,2248,3825,Muzafaru,Muzafaru,4,,,-1,Basambu,Jogo,0,2018-12-27,2018-12-27,5,1,1,1,0
22.680124793672373,0.9999998512002961,facility_df,house_df,1371,3825,Muzafaru,Muzafaru,4,,,-1,Basambu,Jogo,0,2018-12-27,2018-12-27,5,1,1,1,0
22.698810055164145,0.999999853115069,facility_df,house_df,312,1605,Florence,Florence,4,Shanita,Shanita,4,Apeyo,Bisa,0,1960-12-31,1960-12-24,3,2,2,1,0
22.71532176662581,0.9999998547865899,facility_df,house_df,2585,2149,Namugogo,Namugogo,4,Naigaga,Naigaga,4,Nanteza,Xira,0,1989-11-21,1989-12-04,3,2,2,1,0
22.719479392099466,0.9999998552044702,facility_df,house_df,1645,3820,Mariam,Mariam,4,Madina,Madina,4,Bari,Quila,0,1973-01-05,1973-01-18,3,2,2,1,0
22.72041380655541,0.999999855298222,facility_df,house_df,2164,2038,Namugabo,Namugabo,4,Nabirye,Nabirye,4,Nakyobe,Sira,0,1960-04-10,1960-04-30,4,2,2,1,0
22.72384069527803,0.9999998556415297,facility_df,house_df,1860,4061,Faridah,Faridah,4,,,-1,Nakalanzi,,-1,2018-07-30,2018-07-30,5,2,2,1,0
22.729458946158417,0.999999856202608,facility_df,house_df,2250,935,Shatra,Shatra,4,Nangobi,Nangobi,4,Nabbosa,Manda,0,2023-11-01,2023-11-21,4,2,2,1,0
22.729458946158417,0.999999856202608,facility_df,house_df,642,935,Shatra,Shatra,4,Nangobi,Nangobi,4,Nabbosa,Manda,0,2023-11-01,2023-11-21,4,2,2,1,0
22.751049471100334,0.9999998583385722,facility_df,house_df,342,1557,Naigaga,Naigaga,4,Harriet,Harriet,4,Alita,Akina,0,1966-04-12,1966-03-23,3,2,2,1,0
22.75925354841877,0.9999998591418624,facility_df,house_df,2142,913,Kikyonkyo,Kikyonkyo,4,Nakaziba,Nakaziba,4,Mariamu,Ola,0,1944-02-25,1944-01-25,4,2,2,1,0
22.75925354841877,0.9999998591418624,facility_df,house_df,772,913,Kikyonkyo,Kikyonkyo,4,Nakaziba,Nakaziba,4,Mariamu,Ola,0,1944-02-25,1944-01-25,4,2,2,1,0
22.77555536074787,0.999999860724538,facility_df,house_df,404,992,Mariam,Mariam,4,Latifa,Latifa,4,Nakato,Amani,0,1962-07-06,1962-07-26,4,2,2,1,0
22.834262839349318,0.9999998662782972,facility_df,house_df,284,3034,Sarah,Sarah,4,Nakiranda,Nakiranda,4,Atera,Xira,0,1931-10-16,1931-09-26,3,2,2,1,0
22.876580353184195,0.9999998701436896,facility_df,house_df,1815,1724,Naigaga,Naigaga,4,Namuwanga,Namuwanga,4,Basajjabalaba,Eanda,0,2007-08-23,2007-09-05,3,2,2,1,0
22.876580353184195,0.9999998701436896,facility_df,house_df,723,1666,Naigaga,Naigaga,4,Zaituna,Zaituna,4,Ayebazinga,Canda,0,1967-09-21,1967-10-11,3,2,2,1,0
22.887523792390667,0.9999998711249769,facility_df,house_df,2547,3072,Bushira,Bushira,4,Shanita,Shanita,4,Ayub,Eanda,0,1947-12-18,1947-12-11,4,2,2,1,0
22.900234844140222,0.9999998722554594,facility_df,house_df,1820,3153,Naigaga,Naigaga,4,Kabatoro,Kabatoro,4,Biyinzika,Mena,0,1989-10-08,1989-10-01,4,2,2,1,0
22.912194456292887,0.9999998733100551,facility_df,house_df,1110,1082,Mutesi,Mutesi,4,Nankwanga,Nankwanga,4,Nalukenge,,-1,2009-05-25,2009-05-18,3,2,2,1,0
22.91378918434562,0.9999998734500184,facility_df,house_df,319,233,Nabirye,Nabirye,4,Faima,Faima,4,Oma,Oma,4,2029-05-12,2028-03-08,2,2,2,1,0
22.982513797933258,0.9999998793370556,facility_df,house_df,264,3141,Mariam,Mariam,4,Nakidodo,Nakidodo,4,Beti,Bria,0,1964-01-31,1964-02-20,3,2,2,1,0
23.006443814732,0.9999998813219869,facility_df,house_df,1403,3964,Shamimu,Shamimu,4,Babirye,Babirye,4,Kiganda,Tara,0,1984-04-14,1984-04-07,3,2,2,1,0
23.019997745827403,0.9999998824317301,facility_df,house_df,2809,89,Nabirye,Nabirye,4,Nankwanga,Nankwanga,4,Nandawula,,-1,1974-05-29,1974-06-03,3,2,2,1,0
23.019997745827403,0.9999998824317301,facility_df,house_df,2709,89,Nabirye,Nabirye,4,Nankwanga,Nankwanga,4,Nandawula,,-1,1974-05-29,1974-06-03,3,2,2,1,0
23.019997745827403,0.9999998824317301,facility_df,house_df,2082,1823,Nabirye,Nabirye,4,Nankwanga,Nankwanga,4,Jaja,,-1,2027-07-20,2027-08-02,3,2,2,1,0
23.019997745827403,0.9999998824317301,facility_df,house_df,110,89,Nabirye,Nabirye,4,Nankwanga,Nankwanga,4,Nandawula,,-1,1974-05-29,1974-06-03,3,2,2,1,0
23.06063973032475,0.999999885697515,facility_df,house_df,2014,3255,Nabirye,Nabirye,4,Kauma,Kauma,4,Katonda,,-1,2005-07-12,2005-08-01,3,2,2,1,0
23.063433793316825,0.9999998859186701,facility_df,house_df,1530,70,Namususwa,Namususwa,4,Shakira,Shakira,4,Kisanja,Xira,0,1976-06-11,1976-07-01,3,2,2,1,0
23.076557616780683,0.9999998869517324,facility_df,house_df,108,3978,Mutesi,Mutesi,4,Nakafero,Nakafero,4,Kirabo,Yama,0,2005-03-05,2005-02-05,4,2,2,1,0
23.082049471484172,0.999999887381251,facility_df,house_df,272,3612,Mariam,Mariam,4,Sulaina,Sulaina,4,Achola,Vara,0,1944-06-09,1944-05-13,3,2,2,1,0
23.093974669858092,0.9999998883083114,facility_df,house_df,1617,3990,Jovia,Jovia,4,Shanita,Shanita,4,Kizito,Wira,0,1934-02-05,1934-02-25,4,2,2,1,0
23.116796909367945,0.9999998900612793,facility_df,house_df,2122,1722,Babirye,Babirye,4,Babirye,Babirye,4,Barungi,,-1,1963-04-24,1963-04-17,3,2,2,1,0
23.129785891365515,0.9999998910466454,facility_df,house_df,644,1320,Nangobi,Nangobi,4,Kagoya,Kagoya,4,,,-1,1963-10-02,1963-10-15,3,2,2,1,0
23.14552862791126,0.9999998922290848,facility_df,house_df,1979,3882,Nabirye,Nabirye,4,Sumaya,Sumaya,4,Byaruhanga,,-1,1995-02-20,1995-02-13,3,2,2,1,0
23.16608697037918,0.9999998937539254,facility_df,house_df,1768,146,Naigaga,Naigaga,4,Fazira,Fazira,4,Nkwanga,Elara,0,1974-11-17,1974-10-26,3,2,2,1,0
23.16608697037918,0.9999998937539254,facility_df,house_df,406,146,Naigaga,Naigaga,4,Fazira,Fazira,4,Nkwanga,Elara,0,1974-11-17,1974-10-26,3,2,2,1,0
23.17084234278898,0.9999998941035543,facility_df,house_df,886,1944,Nakaziba,Nakaziba,4,Namwebya,Namwebya,4,Nabirye,,-1,1963-03-10,1963-03-30,4,2,2,1,0
23.17084234278898,0.9999998941035543,facility_df,house_df,135,1944,Nakaziba,Nakaziba,4,Namwebya,Namwebya,4,Nabirye,,-1,1963-03-10,1963-03-30,4,2,2,1,0
23.19332597857925,0.9999998957411006,facility_df,house_df,2756,1639,Nubuwati,Nubuwati,4,,,-1,,,-1,2014-03-21,2014-03-21,5,2,2,1,0
23.206364223477568,0.9999998966790874,facility_df,house_df,1637,623,Salima,Salima,4,Naiwumbwe,Naiwumbwe,4,Asiimwe,Vira,0,2024-09-20,2024-10-10,3,2,2,1,0
23.24468037558901,0.9999998993870406,facility_df,house_df,1561,1156,Joy,Joy,4,Nakaziba,Nakaziba,4,Nanyonjo,Nima,0,1985-01-06,1985-01-26,4,2,2,1,0
23.24468037558901,0.9999998993870406,facility_df,house_df,242,1156,Joy,Joy,4,Nakaziba,Nakaziba,4,Nanyonjo,Nima,0,1985-01-06,1985-01-26,4,2,2,1,0
23.275076973561582,0.9999999014847107,facility_df,house_df,503,2978,Namukose,Namukose,4,Namuwaya,Namuwaya,4,Amuka,Talia,0,1941-04-25,1941-05-08,3,2,2,1,0
23.28736837946168,0.9999999023204713,facility_df,house_df,1987,2967,Babirye,Babirye,4,Tracy,Tracy,4,Amanya,Yama,0,1952-01-05,1952-01-18,3,2,2,1,0
23.297508063943226,0.9999999030045849,facility_df,house_df,2139,24,Nankwanga,Nankwanga,4,Namusobya,Namusobya,4,Damba,Azara,0,1980-11-04,1980-11-24,4,2,2,1,0
23.298209939109107,0.9999999030517619,facility_df,house_df,1385,1653,Nabirye,Nabirye,4,Mudungu,Mudungu,4,Awino,Kyomuhendo,0,1960-06-03,1960-05-14,3,1,1,1,0
23.298209939109107,0.9999999030517619,facility_df,house_df,972,3660,Nabirye,Nabirye,4,Shaufa,Shaufa,4,Alur,Haya,0,1940-08-31,1940-09-13,3,2,2,1,0
23.31442144687957,0.9999999041350673,facility_df,house_df,1734,1216,Nasita,Nasita,4,Nangobi,Nangobi,4,Omar,Tanda,0,1953-03-09,1953-03-02,4,2,2,1,0
23.355682018242575,0.9999999068379357,facility_df,house_df,685,1144,Joyce,Joyce,4,Naigaga,Naigaga,4,Nansubuga,,-1,1952-07-04,1952-07-24,4,2,2,1,0
23.38305172751699,0.9999999085886758,facility_df,house_df,2007,663,Mutesi,Mutesi,4,Naibira,Naibira,4,Awule,Ema,0,1960-01-25,1960-02-27,3,2,2,1,0
23.38305172751699,0.9999999085886758,facility_df,house_df,630,663,Mutesi,Mutesi,4,Naibira,Naibira,4,Awule,Ema,0,1960-01-25,1960-02-27,3,2,2,1,0
23.39297856742228,0.9999999092154963,facility_df,house_df,318,2988,Nakaziba,Nakaziba,4,Namulawa,Namulawa,4,Anan,Bria,0,1997-12-02,1997-12-15,3,2,2,1,0
23.404949518916954,0.9999999099656759,facility_df,house_df,2025,766,Namukose,Namukose,4,Nakagolo,Nakagolo,4,Bulo,,-1,1957-10-21,1957-10-14,3,2,2,1,0
23.404949518916954,0.9999999099656759,facility_df,house_df,1763,766,Namukose,Namukose,4,Nakagolo,Nakagolo,4,Bulo,,-1,1957-10-21,1957-10-14,3,2,2,1,0
23.411357096737134,0.9999999103646671,facility_df,house_df,1237,3351,Joyce,Joyce,4,Nakagolo,Nakagolo,4,Nakakande,Amaya,0,1988-04-23,1988-05-06,3,2,2,1,0
23.42827047967348,0.9999999114093678,facility_df,house_df,2132,1753,Tendo,Tendo,4,Mutesi,Mutesi,4,Biyinzika,Sira,0,1983-02-12,1983-02-25,3,2,2,1,0
23.42827047967348,0.9999999114093678,facility_df,house_df,103,3761,Swabula,Swabula,4,Mutesi,Mutesi,4,Awori,Ema,0,2000-01-06,1999-12-30,3,2,2,1,0
23.438263267960476,0.9999999120208682,facility_df,house_df,1923,858,Mutesi,Mutesi,4,Lydia,Lydia,4,Kazi,,-1,1965-05-20,1965-06-02,3,2,2,1,0
23.438263267960476,0.9999999120208682,facility_df,house_df,1374,858,Mutesi,Mutesi,4,Lydia,Lydia,4,Kazi,,-1,1965-05-20,1965-06-02,3,2,2,1,0
23.438263267960476,0.9999999120208682,facility_df,house_df,819,931,Mutesi,Mutesi,4,Sarah,Sarah,4,Nabbosa,,-1,2008-11-20,2008-10-31,3,2,2,1,0
23.441945416570555,0.9999999122451285,facility_df,house_df,1061,2013,Janet,Janet,4,Shakira,Shakira,4,Nakayiwa,Rima,0,1990-06-12,1990-05-16,3,2,2,1,0
23.447107121686333,0.9999999125585387,facility_df,house_df,1109,1607,John,John,4,Waiswa,Waiswa,4,Apolo,Lwasa,0,1978-10-12,1978-11-01,3,1,1,1,0
23.447107121686333,0.9999999125585387,facility_df,house_df,288,1607,John,John,4,Waiswa,Waiswa,4,Apolo,Lwasa,0,1978-10-12,1978-11-01,3,1,1,1,0
23.452287360792017,0.9999999128719489,facility_df,house_df,1215,3481,Retisha,Retisha,4,Naigaga,Naigaga,4,Nalubowa,Chuma,0,2011-03-17,2011-02-25,3,2,2,1,0
23.452287360792017,0.9999999128719489,facility_df,house_df,1179,3599,Grace,Grace,4,Naigaga,Naigaga,4,Nsibambi,Landa,0,1957-08-11,1957-08-24,3,2,2,1,0
23.469531051036483,0.9999999139071406,facility_df,house_df,2291,1516,Sharon,Sharon,4,Naigaga,Naigaga,4,Adidi,,-1,2026-05-15,2026-05-08,3,2,2,1,0
23.47709930467279,0.9999999143575937,facility_df,house_df,1805,4005,Namususwa,Namususwa,4,Nakagolo,Nakagolo,4,Lwazi,,-1,2020-03-16,2020-02-25,3,2,2,1,0
23.47847129259567,0.999999914439,facility_df,house_df,2518,2004,Namususwa,Namususwa,4,Mutale,Mutale,4,Nakato,Lyra,0,1942-03-27,1942-04-09,3,2,2,1,0
23.50569453689909,0.9999999160383743,facility_df,house_df,1021,892,Jovia,Jovia,4,Nangobi,Nangobi,4,Kwagala,,-1,1970-11-06,1970-11-26,4,2,2,1,0
23.50569453689909,0.9999999160383743,facility_df,house_df,951,892,Jovia,Jovia,4,Nangobi,Nangobi,4,Kwagala,,-1,1970-11-06,1970-11-26,4,2,2,1,0
23.508838806303995,0.9999999162211645,facility_df,house_df,1746,3525,Mutesi,Mutesi,4,Rebecca,Rebecca,4,Nampijja,,-1,1982-07-10,1982-07-30,4,2,2,1,0
23.508838806303995,0.9999999162211645,facility_df,house_df,1260,3525,Mutesi,Mutesi,4,Rebecca,Rebecca,4,Nampijja,,-1,1982-07-10,1982-07-30,4,2,2,1,0
23.508838806303995,0.9999999162211645,facility_df,house_df,47,3525,Mutesi,Mutesi,4,Rebecca,Rebecca,4,Nampijja,,-1,1982-07-10,1982-07-30,4,2,2,1,0
23.514574010091454,0.9999999165535527,facility_df,house_df,2899,1170,Madina,Madina,4,Nakagolo,Nakagolo,4,Nkima,,-1,1955-07-28,1955-08-10,3,2,2,1,0
23.53664524689502,0.9999999178204521,facility_df,house_df,1701,3242,Christine,Christine,4,Naigaga,Naigaga,4,Kasana,,-1,2000-08-16,2000-08-29,3,2,2,1,0
23.550488805113098,0.9999999186052447,facility_df,house_df,962,105,Namuwaya,Namuwaya,4,Kitawulwa,Kitawulwa,4,Nankya,Qira,0,1935-07-17,1935-07-10,4,2,2,1,0
23.57122843351552,0.999999919766974,facility_df,house_df,1671,1751,Hailat,Hailat,4,Nabirye,Nabirye,4,Biyago,Adia,0,2008-05-31,2008-06-20,3,2,2,1,0
23.57122843351552,0.999999919766974,facility_df,house_df,587,3730,Safiya,Safiya,4,Nabirye,Nabirye,4,Atabo,Qima,0,2023-09-19,2023-10-02,3,2,2,1,0
23.571837601832982,0.9999999198008447,facility_df,house_df,807,3327,Joan,Joan,4,,,-1,,,-1,1955-09-17,1955-09-17,5,2,2,1,0
23.571837601832982,0.9999999198008447,facility_df,house_df,2597,3374,Nandase,Nandase,4,,,-1,Nakalanzi,,-1,1953-09-11,1953-09-11,5,2,2,1,0
23.595318327029464,0.999999921095569,facility_df,house_df,1522,865,Naiwumbwe,Naiwumbwe,4,Fatuma,Fatuma,4,Kiganda,,-1,1991-04-09,1991-04-29,4,2,2,1,0
23.61212661471602,0.9999999220095199,facility_df,house_df,2486,3158,Beatrice,Beatrice,4,Nabirye,Nabirye,4,Bugingo,,-1,1996-01-17,1996-01-10,4,2,2,1,0
23.622687839097903,0.9999999225783632,facility_df,house_df,725,3404,Mutesi,Mutesi,4,Namusubo,Namusubo,4,Nakato,,-1,1997-09-01,1997-09-14,3,2,2,1,0
23.622687839097903,0.9999999225783632,facility_df,house_df,2555,2498,Mutesi,Mutesi,4,Namumbya,Namumbya,4,,,-1,1990-08-27,1990-09-09,3,2,2,1,0
23.64246333828424,0.9999999236323669,facility_df,house_df,720,1132,Nakagolo,Nakagolo,4,Patience,Patience,4,Namuddu,Fara,0,2008-04-14,2008-05-04,3,2,2,1,0
23.681035156230195,0.9999999256470752,facility_df,house_df,2798,3573,Justine,Justine,4,Naigaga,Naigaga,4,Nkuba,,-1,1977-03-19,1977-04-08,3,2,2,1,0
23.688703257263654,0.9999999260412216,facility_df,house_df,2176,2243,Florence,Florence,4,Babirye,Babirye,4,Wazi,,-1,1962-12-21,1962-12-14,3,2,2,1,0
23.698045993526954,0.9999999265186231,facility_df,house_df,2591,3302,Ruth,Ruth,4,Anisha,Anisha,4,Lumala,Vira,0,1933-10-29,1933-10-09,4,2,2,1,0
23.706951546748847,0.9999999269708162,facility_df,house_df,1011,3396,Aisha,Aisha,4,Halima,Halima,4,Nakato,Vama,0,2019-11-10,2019-11-30,4,2,2,1,0
23.72992617953458,0.9999999281245803,facility_df,house_df,1722,1974,Nakagolo,Nakagolo,4,Namukobe,Namukobe,4,Nakalanzi,Inara,0,2025-07-12,2025-07-01,3,2,2,1,0
23.72992617953458,0.9999999281245803,facility_df,house_df,146,1974,Nakagolo,Nakagolo,4,Namukobe,Namukobe,4,Nakalanzi,Inara,0,2025-07-12,2025-07-01,3,2,2,1,0
23.72992617953458,0.9999999281245803,facility_df,house_df,2773,3256,Nangobi,Nangobi,4,Shaufa,Shaufa,4,Kavita,Sana,0,2002-03-07,2002-03-20,3,2,2,1,0
23.738338419350782,0.9999999285424606,facility_df,house_df,1398,2143,Madina,Madina,4,Nakadama,Nakadama,4,Nansamba,Qira,0,1933-12-30,1934-01-12,3,2,2,1,0
23.738338419350782,0.9999999285424606,facility_df,house_df,1105,2143,Madina,Madina,4,Nakadama,Nakadama,4,Nansamba,Qira,0,1933-12-30,1934-01-12,3,2,2,1,0
23.751049471100334,0.999999929169281,facility_df,house_df,1315,981,Naigaga,Naigaga,4,Favour,Favour,4,Nakate,Fanda,0,1999-01-17,1999-01-30,3,2,2,1,0
23.751049471100334,0.999999929169281,facility_df,house_df,28,981,Naigaga,Naigaga,4,Favour,Favour,4,Nakate,Fanda,0,1999-01-17,1999-01-30,3,2,2,1,0
23.760191362847838,0.9999999296166934,facility_df,house_df,2687,3971,Mutesi,Mutesi,4,Kaudha,Kaudha,4,Kiira,,-1,1982-04-16,1982-05-06,3,2,2,1,0
23.76037757329996,0.9999999296257772,facility_df,house_df,773,713,Mariam,Mariam,4,Nakato,Nakato,4,Bangi,,-1,1966-11-01,1966-11-21,4,2,2,1,0
23.778980403848127,0.9999999305273921,facility_df,house_df,1412,617,Hassan,Hassan,4,Aisha,Aisha,4,Aruho,Apolo,0,1934-08-05,1934-08-18,3,1,1,1,0
23.82291903936867,0.9999999326113501,facility_df,house_df,1661,14,Nakaziba,Nakaziba,4,Kamega,Kamega,4,Ssanyu,,-1,1947-07-08,1947-07-28,4,2,2,1,0
23.82291903936867,0.9999999326113501,facility_df,house_df,662,14,Nakaziba,Nakaziba,4,Kamega,Kamega,4,Ssanyu,,-1,1947-07-08,1947-07-28,4,2,2,1,0
23.82291903936867,0.9999999326113501,facility_df,house_df,551,14,Nakaziba,Nakaziba,4,Kamega,Kamega,4,Ssanyu,,-1,1947-07-08,1947-07-28,4,2,2,1,0
23.828022780642005,0.999999932849326,facility_df,house_df,939,162,John,John,4,Ukasha,Ukasha,4,Kizito,Jose,0,2005-04-08,2005-04-01,4,1,1,1,0
23.828022780642005,0.999999932849326,facility_df,house_df,325,162,John,John,4,Ukasha,Ukasha,4,Kizito,Jose,0,2005-04-08,2005-04-01,4,1,1,1,0
23.836518813289683,0.9999999332436141,facility_df,house_df,1085,3240,Zainabu,Zainabu,4,Babirye,Babirye,4,Kamya,Chanya,0,1931-05-10,1931-05-23,3,2,2,1,0
23.84027927417053,0.9999999334173917,facility_df,house_df,496,1388,Babirye,Babirye,4,Naiwumbwe,Naiwumbwe,4,,,-1,2014-12-10,2014-12-23,3,2,2,1,0
23.843307978952325,0.9999999335570244,facility_df,house_df,1831,1201,Naswiba,Naswiba,4,Mutesi,Mutesi,4,Nsiimire,Mena,0,1937-08-13,1937-08-26,3,2,2,1,0
23.85561092792652,0.9999999341212247,facility_df,house_df,463,828,Janet,Janet,4,Nakagolo,Nakagolo,4,Jingo,,-1,2019-03-15,2019-03-28,3,2,2,1,0
23.87078871537443,0.9999999348106654,facility_df,house_df,2752,1555,Kagoya,Kagoya,4,Anisha,Anisha,4,Alinda,Ila,0,1935-11-30,1935-12-20,3,2,2,1,0
23.88247056466438,0.9999999353363878,facility_df,house_df,1035,3491,Sheira,Sheira,4,Namususwa,Namususwa,4,Nalukenge,Malaika,0,1986-04-09,1986-04-02,4,2,2,1,0
23.891748334010078,0.9999999357508961,facility_df,house_df,2012,754,Namukose,Namukose,4,Namulinda,Namulinda,4,Boaz,Sira,0,1949-07-23,1949-08-05,3,2,2,1,0
23.89880309154403,0.9999999360643064,facility_df,house_df,1648,1130,Derick,Derick,4,Isabirye,Isabirye,4,Namuddu,Munyagwa,0,1986-10-21,1986-11-10,3,1,1,1,0
23.922571257476978,0.9999999371090071,facility_df,house_df,2094,1779,Nangobi,Nangobi,4,Mbabazi,Mbabazi,4,Byamugisha,Fara,0,1978-08-20,1978-07-31,3,2,2,1,0
23.92896266967378,0.9999999373870099,facility_df,house_df,2488,3833,Kauma,Kauma,4,Naigaga,Naigaga,4,Batooro,,-1,1971-05-17,1971-05-02,3,2,2,1,0
23.939054093030748,0.9999999378234496,facility_df,house_df,2647,513,Muwaya,Muwaya,4,Magala,Magala,4,Acholi,Jogo,0,1943-01-22,1943-01-02,4,1,1,1,0
23.939054093030748,0.9999999378234496,facility_df,house_df,1954,513,Muwaya,Muwaya,4,Magala,Magala,4,Acholi,Jogo,0,1943-01-22,1943-01-02,4,1,1,1,0
23.94199523382613,0.9999999379500764,facility_df,house_df,2743,1618,Nabirye,Nabirye,4,Hadija,Hadija,4,Asali,,-1,1991-10-02,1991-09-05,3,2,2,1,0
23.976281844221745,0.999999939407349,facility_df,house_df,1425,1857,Nabirye,Nabirye,4,Namutebi,Namutebi,4,Kazi,Amaya,0,1936-12-25,1936-12-18,3,2,2,1,0
23.976281844221745,0.999999939407349,facility_df,house_df,785,3312,Nabirye,Nabirye,4,Namukubembe,Namukubembe,4,Mambo,Inara,0,1961-11-04,1961-11-17,3,2,2,1,0
23.976281844221745,0.999999939407349,facility_df,house_df,353,1857,Nabirye,Nabirye,4,Namutebi,Namutebi,4,Kazi,Amaya,0,1936-12-25,1936-12-18,3,2,2,1,0
23.979797266538515,0.9999999395548156,facility_df,house_df,2714,2821,Naigaga,Naigaga,4,Hadija,Hadija,4,,,-1,1940-11-04,1940-10-24,3,2,2,1,0
23.982769994636406,0.999999939679237,facility_df,house_df,1084,2525,Fatuma,Fatuma,4,Shadia,Shadia,4,Alur,,-1,2006-05-03,2006-05-23,4,2,2,1,0
23.982769994636406,0.999999939679237,facility_df,house_df,492,2525,Fatuma,Fatuma,4,Shadia,Shadia,4,Alur,,-1,2006-05-03,2006-05-23,4,2,2,1,0
24.002052888559735,0.9999999404801131,facility_df,house_df,763,543,Amosi,Amosi,4,,,-1,Akoni,Lumala,0,1996-10-07,1996-10-07,5,1,1,1,0
24.026907917291712,0.9999999414967506,facility_df,house_df,1662,3751,Mwamadi,Mwamadi,4,Aisha,Aisha,4,Awegi,Kasekende,0,1999-05-13,1999-05-06,3,1,1,1,0
24.026907917291712,0.9999999414967506,facility_df,house_df,1092,2991,Naiwumbwe,Naiwumbwe,4,Rashida,Rashida,4,Angimbi,Pama,0,2028-08-14,2028-09-03,3,2,2,1,0
24.048608355373876,0.9999999423701478,facility_df,house_df,1766,907,Salima,Salima,4,Nakaziba,Nakaziba,4,Malaika,,-1,1981-05-10,1981-05-03,3,2,2,1,0
24.05779977853979,0.9999999427361409,facility_df,house_df,2557,2702,Naigaga,Naigaga,4,Shamina,Shamina,4,,,-1,1981-02-26,1981-03-18,3,2,2,1,0
24.076557616780683,0.999999943475863,facility_df,house_df,1239,3741,Mutesi,Mutesi,4,Cissy,Cissy,4,Atuhaire,Cira,0,2015-01-02,2015-01-22,4,2,2,1,0
24.079375337185848,0.9999999435861523,facility_df,house_df,2668,1792,Janet,Janet,4,Nakadama,Nakadama,4,Chilalo,Vama,0,2028-12-04,2028-12-17,3,2,2,1,0
24.098199211477503,0.9999999443174429,facility_df,house_df,1947,3973,Kisambira,Kisambira,4,James,James,4,Kikazi,Mirembe,0,2003-03-20,2003-04-02,3,1,1,1,0
24.10090849873549,0.9999999444219129,facility_df,house_df,2523,1758,Namatende,Namatende,4,Shakira,Shakira,4,Bugingo,Uma,0,1973-02-27,1973-03-04,3,2,2,1,0
24.11547253212252,0.9999999449801522,facility_df,house_df,1184,2938,Aisa,Aisa,4,Naiwumbwe,Naiwumbwe,4,Akena,,-1,2017-03-11,2017-03-31,4,2,2,1,0
24.121607747616174,0.9999999452136332,facility_df,house_df,1901,1804,Zauja,Zauja,4,Naigaga,Naigaga,4,Enya,,-1,1982-01-27,1982-02-16,3,2,2,1,0
24.128284937666795,0.9999999454666137,facility_df,house_df,189,2060,Derick,Derick,4,Kisambira,Kisambira,4,Nalubega,Daudi,0,1974-02-12,1974-02-25,3,1,1,1,0
24.133823121208223,0.999999945675554,facility_df,house_df,2703,2163,Kaziba,Kaziba,4,James,James,4,Nasuna,Masiko,0,2006-01-25,2006-02-14,3,1,1,1,0
24.139382646550125,0.999999945884494,facility_df,house_df,831,3951,Kisakye,Kisakye,4,Fatuma,Fatuma,4,Kato,Mira,0,1994-04-11,1994-05-01,3,2,2,1,0
24.162207369057892,0.9999999467339126,facility_df,house_df,1190,3222,Nangobi,Nangobi,4,Namwebya,Namwebya,4,Jafari,,-1,1988-04-09,1988-03-20,3,2,2,1,0
24.17084234278898,0.9999999470517743,facility_df,house_df,1780,2354,Nakaziba,Nakaziba,4,Amina,Amina,4,,,-1,1952-12-21,1952-12-01,4,2,2,1,0
24.171977181859365,0.9999999470934076,facility_df,house_df,1321,3860,Hairat,Hairat,4,Nakagolo,Nakagolo,4,Buhuru,Wura,0,1948-11-04,1948-11-24,4,2,2,1,0
24.19040664957459,0.9999999477649556,facility_df,house_df,840,660,Mwesigwa,Mwesigwa,4,Lwabaga,Lwabaga,4,Awori,Labeja,0,1993-05-23,1993-06-12,3,1,1,1,0
24.204906219269706,0.999999948287306,facility_df,house_df,2718,1869,Fatuma,Fatuma,4,Kevin,Kevin,4,Kiira,Esa,0,1935-08-01,1935-08-14,3,2,2,1,0
24.212642823769798,0.9999999485638785,facility_df,house_df,768,3846,Nakidodo,Nakidodo,4,Namaganda,Namaganda,4,Bisaso,,-1,2023-02-23,2023-03-15,3,2,2,1,0
24.224421970551813,0.9999999489821283,facility_df,house_df,1256,257,Nambi,Nambi,4,Nangobi,Nangobi,4,Tanda,Tanda,4,1990-09-22,1989-06-22,2,2,2,1,0
24.246297850466636,0.9999999497498872,facility_df,house_df,46,2538,Florence,Florence,4,Praise,Praise,4,Angoma,Kaira,0,1991-10-28,1991-11-10,3,2,2,1,0
24.250242216543526,0.9999999498870846,facility_df,house_df,1029,2451,Kaudha,Kaudha,4,Nakaziba,Nakaziba,4,,,-1,1933-10-06,1933-09-29,3,2,2,1,0
24.266544028872627,0.9999999504501511,facility_df,house_df,901,1164,Fatuma,Fatuma,4,Nakiranda,Nakiranda,4,Ndugga,,-1,1973-10-12,1973-10-05,3,2,2,1,0
24.266544028872627,0.9999999504501511,facility_df,house_df,616,1164,Fatuma,Fatuma,4,Nakiranda,Nakiranda,4,Ndugga,,-1,1973-10-12,1973-10-05,3,2,2,1,0
24.268718792418202,0.9999999505247877,facility_df,house_df,770,1865,Nakidodo,Nakidodo,4,Namukose,Namukose,4,Kiganda,,-1,1932-05-19,1932-05-12,4,2,2,1,0
24.268718792418202,0.9999999505247877,facility_df,house_df,127,3188,Nabirye,Nabirye,4,Aidhati,Aidhati,4,Chaka,,-1,2005-12-29,2005-12-22,4,2,2,1,0
24.270494560897284,0.9999999505856478,facility_df,house_df,2493,736,Rashida,Rashida,4,Naiwumbwe,Naiwumbwe,4,Bayiga,Adara,0,1980-03-05,1980-02-27,3,2,2,1,0
24.2874543992793,0.9999999511631452,facility_df,house_df,1411,787,Zakiya,Zakiya,4,Nankwanga,Nankwanga,4,Byona,Ula,0,1936-07-06,1936-07-26,4,2,2,1,0
24.298209939109107,0.9999999515258786,facility_df,house_df,1615,835,Nabirye,Nabirye,4,Suzan,Suzan,4,Kagimu,Asha,0,1957-10-13,1957-11-02,3,2,2,1,0
24.298209939109107,0.9999999515258786,facility_df,house_df,650,835,Nabirye,Nabirye,4,Suzan,Suzan,4,Kagimu,Asha,0,1957-10-13,1957-11-02,3,2,2,1,0
24.30444189282062,0.9999999517348187,facility_df,house_df,2507,185,Christine,Christine,4,Namwebya,Namwebya,4,Nalubega,Wila,0,2005-04-07,2005-04-20,3,2,2,1,0
24.30444189282062,0.9999999517348187,facility_df,house_df,565,4107,Anisha,Anisha,4,Namumbya,Namumbya,4,Nakato,Qira,0,1932-06-04,1932-06-17,3,2,2,1,0
24.304698089523768,0.9999999517433891,facility_df,house_df,297,3349,Hadija,Hadija,4,Phiona,Phiona,4,Najja,,-1,1959-06-29,1959-06-22,4,2,2,1,0
24.31442144687957,0.9999999520675315,facility_df,house_df,2866,778,Edisa,Edisa,4,Nangobi,Nangobi,4,Bwino,Sanda,0,2027-03-11,2027-03-31,4,2,2,1,0
24.32083418437358,0.999999952280117,facility_df,house_df,1779,3212,Naigaga,Naigaga,4,Namwase,Namwase,4,Ganda,,-1,1989-04-14,1989-04-07,3,2,2,1,0
24.333658224731163,0.9999999527024168,facility_df,house_df,526,1819,Kagoya,Kagoya,4,Kauma,Kauma,4,Habiba,,-1,1961-07-05,1961-06-28,3,2,2,1,0
24.339207310981298,0.9999999528839897,facility_df,house_df,1432,2188,Namukose,Namukose,4,Nampina,Nampina,4,Nsereko,Vama,0,1946-06-10,1946-06-23,3,2,2,1,0
24.344000168952622,0.9999999530402567,facility_df,house_df,351,470,Suzan,Suzan,4,Naigaga,Naigaga,4,,,-1,1970-10-27,1970-11-16,3,2,2,1,0
24.37459466683559,0.9999999540256229,facility_df,house_df,2592,619,Salima,Salima,4,Babirye,Babirye,4,Asanta,,-1,1986-03-04,1986-03-17,3,2,2,1,0
24.37459466683559,0.9999999540256229,facility_df,house_df,830,619,Salima,Salima,4,Babirye,Babirye,4,Asanta,,-1,1986-03-04,1986-03-17,3,2,2,1,0
24.40130343207321,0.9999999548689212,facility_df,house_df,2330,1868,Faizo,Faizo,4,Sowobi,Sowobi,4,Kigongo,Ekwaro,0,1957-04-02,1957-04-15,3,1,1,1,0
24.40130343207321,0.9999999548689212,facility_df,house_df,1077,3075,Kauma,Kauma,4,Namatende,Namatende,4,Ayugi,Kala,0,2008-05-11,2008-05-04,3,2,2,1,0
24.402245309988576,0.9999999548983759,facility_df,house_df,1464,4023,Nakasolo,Nakasolo,4,Nakaziba,Nakaziba,4,Nabbosa,,-1,1935-12-28,1936-01-17,3,2,2,1,0
24.402245309988576,0.9999999548983759,facility_df,house_df,1172,4023,Nakasolo,Nakasolo,4,Nakaziba,Nakaziba,4,Nabbosa,,-1,1935-12-28,1936-01-17,3,2,2,1,0
24.41298528136316,0.999999955232883,facility_df,house_df,735,540,Derick,Derick,4,Falidi,Falidi,4,Akili,Deo,0,1931-06-07,1931-06-27,4,1,1,1,0
24.41298528136316,0.999999955232883,facility_df,house_df,547,540,Derick,Derick,4,Falidi,Falidi,4,Akili,Deo,0,1931-06-07,1931-06-27,4,1,1,1,0
24.413092692225568,0.9999999552362158,facility_df,house_df,1959,400,Bushira,Bushira,4,Nangobi,Nangobi,4,,,-1,1993-10-01,1993-09-24,3,2,2,1,0
24.413092692225568,0.9999999552362158,facility_df,house_df,179,400,Bushira,Bushira,4,Nangobi,Nangobi,4,,,-1,1993-10-01,1993-09-24,3,2,2,1,0
24.42148131401084,0.9999999554957418,facility_df,house_df,1656,988,Namumbya,Namumbya,4,Babirye,Babirye,4,Nakato,Inara,0,1959-09-29,1959-10-12,3,2,2,1,0
24.42148131401084,0.9999999554957418,facility_df,house_df,42,2898,Jane,Jane,4,Babirye,Babirye,4,Adidi,Sanda,0,1961-05-12,1961-05-05,3,2,2,1,0
24.448831802155794,0.9999999563315025,facility_df,house_df,2748,704,Hassan,Hassan,4,Tenywa,Tenywa,4,Balikuwa,Edoni,0,1954-02-03,1954-01-07,3,1,1,1,0
24.452287360792017,0.9999999564359726,facility_df,house_df,105,750,Sophie,Sophie,4,Naigaga,Naigaga,4,Biyago,Mena,0,1977-10-01,1977-10-14,3,2,2,1,0
24.455751216095585,0.9999999565404426,facility_df,house_df,1788,1006,Irene,Irene,4,Mariam,Mariam,4,Nakato,Vama,0,1936-09-28,1936-10-11,3,2,2,1,0
24.457379400721614,0.9999999565894622,facility_df,house_df,142,3800,Namutamba,Namutamba,4,Namukobe,Namukobe,4,Balaki,Zara,0,2015-01-27,2015-01-20,4,2,2,1,0
24.483765592265183,0.9999999573762033,facility_df,house_df,2599,3176,Kidodo,Kidodo,4,Isabirye,Isabirye,4,Bwana,Kyeyune,0,2014-08-04,2014-08-17,3,1,1,1,0
24.489483029128625,0.9999999575447882,facility_df,house_df,2328,2885,Nabirye,Nabirye,4,Juliet,Juliet,4,,,-1,2003-11-07,2003-11-20,3,2,2,1,0
24.489483029128625,0.9999999575447882,facility_df,house_df,21,2885,Nabirye,Nabirye,4,Juliet,Juliet,4,,,-1,2003-11-07,2003-11-20,3,2,2,1,0
24.49235597075022,0.9999999576292482,facility_df,house_df,2481,2078,Nakagolo,Nakagolo,4,Kauma,Kauma,4,Nalubowa,,-1,1938-10-14,1938-10-27,3,2,2,1,0
24.49235597075022,0.9999999576292482,facility_df,house_df,2306,2078,Nakagolo,Nakagolo,4,Kauma,Kauma,4,Nalubowa,,-1,1938-10-14,1938-10-27,3,2,2,1,0
24.51165652670916,0.9999999581923147,facility_df,house_df,2443,3147,Babirye,Babirye,4,Namatende,Namatende,4,Bisaso,,-1,2019-05-05,2019-05-18,3,2,2,1,0
24.526834314157067,0.9999999586298444,facility_df,house_df,25,2122,Viola,Viola,4,Nankwanga,Nankwanga,4,Nambi,Fama,0,1983-05-06,1983-04-16,3,2,2,1,0
24.526834314157067,0.9999999586298444,facility_df,house_df,1467,678,Nasimu,Nasimu,4,Nakanda,Nakanda,4,Babirye,Gia,0,1992-11-20,1992-11-13,3,2,2,1,0
24.526834314157067,0.9999999586298444,facility_df,house_df,1994,2615,Derick,Derick,4,Tenywa,Tenywa,4,Bukele,Katabazi,0,2006-07-30,2006-08-12,3,1,1,1,0
24.530482091172214,0.9999999587343145,facility_df,house_df,1966,1680,Nakaziba,Nakaziba,4,Nairuba,Nairuba,4,Bachwa,Bila,0,2014-11-11,2014-12-01,3,2,2,1,0
24.530482091172214,0.9999999587343145,facility_df,house_df,208,1680,Nakaziba,Nakaziba,4,Nairuba,Nairuba,4,Bachwa,Bila,0,2014-11-11,2014-12-01,3,2,2,1,0
24.5331896882588,0.9999999588116877,facility_df,house_df,2846,3862,Mariam,Mariam,4,Nkwanga,Nkwanga,4,Bukele,,-1,2018-09-03,2018-09-16,3,2,2,1,0
24.54886062048707,0.9999999592566648,facility_df,house_df,1222,3289,Sheila,Sheila,4,Nakagolo,Nakagolo,4,Kizito,Oma,0,1972-07-11,1972-07-24,3,2,2,1,0
24.54886062048707,0.9999999592566648,facility_df,house_df,550,3289,Sheila,Sheila,4,Nakagolo,Nakagolo,4,Kizito,Oma,0,1972-07-11,1972-07-24,3,2,2,1,0
24.54886062048707,0.9999999592566648,facility_df,house_df,225,3289,Sheila,Sheila,4,Nakagolo,Nakagolo,4,Kizito,Oma,0,1972-07-11,1972-07-24,3,2,2,1,0
24.567476298654416,0.9999999597790153,facility_df,house_df,2883,2992,Fatiya,Fatiya,4,Kauma,Kauma,4,Angoma,Lina,0,1943-03-05,1943-02-26,3,2,2,1,0
24.567476298654416,0.9999999597790153,facility_df,house_df,2184,2992,Fatiya,Fatiya,4,Kauma,Kauma,4,Angoma,Lina,0,1943-03-05,1943-02-26,3,2,2,1,0
24.567476298654416,0.9999999597790153,facility_df,house_df,1173,1612,Mariam,Mariam,4,Shifa,Shifa,4,Arinaitwe,Danda,0,2007-05-13,2007-05-26,3,2,2,1,0
24.57122843351552,0.9999999598834853,facility_df,house_df,2317,1108,Azam,Azam,4,Nabirye,Nabirye,4,Namara,Ola,0,1993-06-11,1993-06-24,3,2,2,1,0
24.571837601832982,0.9999999599004208,facility_df,house_df,2737,1554,Monic,Monic,4,,,-1,Alinda,,-1,1984-12-27,1984-12-27,5,2,2,1,0
24.571837601832982,0.9999999599004208,facility_df,house_df,2804,2903,Annet,Annet,4,,,-1,,,-1,1977-10-27,1977-10-27,5,2,2,1,0
24.591130789610443,0.9999999604331035,facility_df,house_df,2777,3856,Mukisa,Mukisa,4,Christopher,Christopher,4,Bugembe,Kaoma,0,2005-10-01,2005-10-21,4,1,1,1,0
24.591130789610443,0.9999999604331035,facility_df,house_df,1855,3856,Mukisa,Mukisa,4,Christopher,Christopher,4,Bugembe,Kaoma,0,2005-10-01,2005-10-21,4,1,1,1,0
24.605444148853437,0.9999999608237161,facility_df,house_df,2265,2926,Mutesi,Mutesi,4,Damali,Damali,4,Agabawe,Kira,0,1939-11-27,1939-12-10,3,2,2,1,0
24.607034574786418,0.9999999608668803,facility_df,house_df,510,1398,Ntono,Ntono,4,Naigaga,Naigaga,4,,,-1,1974-04-20,1974-05-10,3,2,2,1,0
24.60929647434904,0.9999999609281862,facility_df,house_df,1489,1799,Edirisa,Edirisa,4,Isabirye,Isabirye,4,Ekaette,Nakiwala,0,1996-03-10,1996-03-23,3,1,1,1,0
24.60929647434904,0.9999999609281862,facility_df,house_df,1123,1968,Namusobya,Namusobya,4,Namukuve,Namukuve,4,Nakalanzi,Qama,0,2029-01-10,2029-01-23,3,2,2,1,0
24.60929647434904,0.9999999609281862,facility_df,house_df,99,1968,Namusobya,Namusobya,4,Namukuve,Namukuve,4,Nakalanzi,Qama,0,2029-01-10,2029-01-23,3,2,2,1,0
24.60929647434904,0.9999999609281862,facility_df,house_df,65,1799,Edirisa,Edirisa,4,Isabirye,Isabirye,4,Ekaette,Nakiwala,0,1996-03-10,1996-03-23,3,1,1,1,0
24.611192200260074,0.9999999609794935,facility_df,house_df,283,829,Mariam,Mariam,4,Nakadama,Nakadama,4,Jjaja,,-1,2006-07-31,2006-08-13,3,2,2,1,0
24.624489386556874,0.9999999613374896,facility_df,house_df,653,2937,Nuuludini,Nuuludini,4,Nkwanga,Nkwanga,4,Akena,Kyangwa,0,2012-08-09,2012-08-29,4,1,1,1,0
24.628713928176282,0.9999999614505367,facility_df,house_df,1305,1157,Namukose,Namukose,4,Fazira,Fazira,4,Nanziri,Dara,0,1976-09-12,1976-09-25,3,2,2,1,0
24.642762279260943,0.9999999618240932,facility_df,house_df,1363,861,Naigaga,Naigaga,4,Nuulu,Nuulu,4,Kibuga,,-1,1944-01-30,1944-02-05,3,2,2,1,0
24.642762279260943,0.9999999618240932,facility_df,house_df,324,861,Naigaga,Naigaga,4,Nuulu,Nuulu,4,Kibuga,,-1,1944-01-30,1944-02-05,3,2,2,1,0
24.65022910944902,0.9999999620211665,facility_df,house_df,228,3269,Aisha,Aisha,4,Babirye,Babirye,4,Kiira,,-1,2016-06-25,2016-07-15,3,2,2,1,0
24.676019687196955,0.9999999626940689,facility_df,house_df,1593,2524,Irine,Irine,4,Sumaya,Sumaya,4,Alita,Asha,0,1937-10-04,1937-10-24,4,2,2,1,0
24.676019687196955,0.9999999626940689,facility_df,house_df,1386,2524,Irine,Irine,4,Sumaya,Sumaya,4,Alita,Asha,0,1937-10-04,1937-10-24,4,2,2,1,0
24.676019687196955,0.9999999626940689,facility_df,house_df,2855,536,Nankwanga,Nankwanga,4,Byansi,Byansi,4,Akello,Danda,0,1944-11-22,1944-10-22,4,2,2,1,0
24.693654360452047,0.9999999631472994,facility_df,house_df,850,3777,Mariam,Mariam,4,Kyakuwaire,Kyakuwaire,4,Babirye,,-1,2004-06-22,2004-06-15,3,2,2,1,0
24.696759315599383,0.9999999632265282,facility_df,house_df,2648,2990,Kauma,Kauma,4,Namusubo,Namusubo,4,Angawa,Diara,0,1995-09-26,1995-10-16,3,2,2,1,0
24.70497982240435,0.9999999634354684,facility_df,house_df,43,1749,Zabina,Zabina,4,Peace,Peace,4,Bitature,Bisa,0,1959-06-13,1959-05-24,3,2,2,1,0
24.70497982240435,0.9999999634354684,facility_df,house_df,249,3793,Ruth,Ruth,4,Kamega,Kamega,4,Bakari,Bintu,0,1935-06-22,1935-07-05,3,2,2,1,0
24.713247438387953,0.9999999636444085,facility_df,house_df,917,956,Nabirye,Nabirye,4,Rahma,Rahma,4,Nakalanzi,Sela,0,2001-02-16,2001-02-09,3,2,2,1,0
24.713247438387953,0.9999999636444085,facility_df,house_df,522,537,Nabirye,Nabirye,4,Natasha,Natasha,4,Akena,Kima,0,1960-06-08,1960-06-21,3,2,2,1,0
24.71474839208667,0.9999999636822126,facility_df,house_df,2447,3320,Nangobi,Nangobi,4,Wotali,Wotali,4,Muka,,-1,2016-07-19,2016-08-01,3,2,2,1,0
24.71474839208667,0.9999999636822126,facility_df,house_df,2318,3320,Nangobi,Nangobi,4,Wotali,Wotali,4,Muka,,-1,2016-07-19,2016-08-01,3,2,2,1,0
24.72992617953458,0.9999999640622889,facility_df,house_df,2441,3304,Nakagolo,Nakagolo,4,Shaufa,Shaufa,4,Lwaki,Eanda,0,1969-03-22,1969-04-04,3,2,2,1,0
24.72992617953458,0.9999999640622889,facility_df,house_df,2158,3840,Nangobi,Nangobi,4,Zubeda,Zubeda,4,Beti,Farida,0,1994-03-12,1994-03-05,3,2,2,1,0
24.73502078711293,0.9999999641889723,facility_df,house_df,1286,1247,Suzan,Suzan,4,Mutesi,Mutesi,4,Yonas,,-1,1993-12-13,1993-12-06,3,2,2,1,0
24.738338419350782,0.9999999642712291,facility_df,house_df,2335,3108,Hajara,Hajara,4,Naikoba,Naikoba,4,Balinda,Nima,0,1980-05-15,1980-05-28,3,2,2,1,0
24.738338419350782,0.9999999642712291,facility_df,house_df,1834,3108,Hajara,Hajara,4,Naikoba,Naikoba,4,Balinda,Nima,0,1980-05-15,1980-05-28,3,2,2,1,0
24.74679999809898,0.9999999644801691,facility_df,house_df,2366,3211,Shafiki,Shafiki,4,Isabirye,Isabirye,4,Gamba,Ganyana,0,1946-04-29,1946-05-12,3,1,1,1,0
24.751049471100334,0.9999999645846392,facility_df,house_df,1276,175,Naigaga,Naigaga,4,Naikesa,Naikesa,4,Nkwanzi,Femi,0,1983-02-20,1983-03-05,3,2,2,1,0
24.759037668231468,0.9999999647801922,facility_df,house_df,2141,2717,Zulaika,Zulaika,4,Naigaga,Naigaga,4,,,-1,1944-10-27,1944-09-30,3,2,2,1,0
24.764129708161068,0.9999999649042824,facility_df,house_df,2677,862,Namuwaya,Namuwaya,4,Rashida,Rashida,4,Kiganda,,-1,1992-11-06,1992-11-26,4,2,2,1,0
24.7682931613448,0.9999999650054187,facility_df,house_df,817,3223,Naigaga,Naigaga,4,Nampina,Nampina,4,Jaja,,-1,1931-01-23,1931-01-16,3,2,2,1,0
24.798638929618594,0.9999999657338102,facility_df,house_df,2638,738,Kisambira,Kisambira,4,Akiramu,Akiramu,4,Bayire,Kyakonye,0,1973-05-31,1973-06-05,3,1,1,1,0
24.798638929618594,0.9999999657338102,facility_df,house_df,714,1805,Kisambira,Kisambira,4,Musasizi,Musasizi,4,Enyanga,Mayanja,0,2024-03-25,2024-03-14,3,1,1,1,0
24.80711241023533,0.9999999659344784,facility_df,house_df,2436,3808,Fatuma,Fatuma,4,Nakisuyi,Nakisuyi,4,Balinda,,-1,1991-03-27,1991-04-09,3,2,2,1,0
24.81189502632086,0.9999999660472205,facility_df,house_df,1953,951,Muwaya,Muwaya,4,Bwana,Bwana,4,Nakakande,Igomu,0,1975-04-06,1975-03-17,3,1,1,1,0
24.81189502632086,0.9999999660472205,facility_df,house_df,1334,951,Muwaya,Muwaya,4,Bwana,Bwana,4,Nakakande,Igomu,0,1975-04-06,1975-03-17,3,1,1,1,0
24.819085051901407,0.9999999662160116,facility_df,house_df,1405,500,Kagoya,Kagoya,4,Lydia,Lydia,4,Akello,,-1,1997-01-09,1997-01-22,3,2,2,1,0
24.819085051901407,0.9999999662160116,facility_df,house_df,1043,500,Kagoya,Kagoya,4,Lydia,Lydia,4,Akello,,-1,1997-01-09,1997-01-22,3,2,2,1,0
24.834262839349318,0.9999999665695709,facility_df,house_df,724,2213,Namwebya,Namwebya,4,Nakiranda,Nakiranda,4,Nyongera,Fenna,0,1967-01-02,1967-01-15,3,2,2,1,0
24.843307978952325,0.9999999667785111,facility_df,house_df,641,715,Mirisa,Mirisa,4,Nangobi,Nangobi,4,Banyanga,Xama,0,1959-07-20,1959-07-13,3,2,2,1,0
24.852410186059576,0.9999999669874513,facility_df,house_df,2608,3524,Nakaziba,Nakaziba,4,Jayson,Jayson,4,Nampijja,Kagimu,0,1995-12-02,1995-12-15,3,1,1,1,0
24.852410186059576,0.9999999669874513,facility_df,house_df,952,3441,Nakaziba,Nakaziba,4,Rehema,Rehema,4,Nakyobe,Zada,0,2018-07-02,2018-07-15,3,2,2,1,0
24.8569829158494,0.9999999670919214,facility_df,house_df,694,1762,Christine,Christine,4,Namwase,Namwase,4,Bukele,Abena,0,2013-12-23,2013-12-16,3,2,2,1,0
24.889404393541778,0.999999967823212,facility_df,house_df,890,3140,Mariam,Mariam,4,Afuswa,Afuswa,4,Beti,Vara,0,1999-07-24,1999-08-13,3,2,2,1,0
24.893765696720344,0.9999999679203363,facility_df,house_df,669,1469,Patience,Patience,4,,,-1,,,-1,2001-08-18,2001-08-18,5,2,2,1,0
24.912194456292887,0.9999999683275108,facility_df,house_df,1266,3727,Mutesi,Mutesi,4,Kyozira,Kyozira,4,Aslan,,-1,2008-08-28,2008-09-10,3,2,2,1,0
24.9273722437408,0.9999999686589727,facility_df,house_df,152,3615,Janet,Janet,4,Racheal,Racheal,4,Adabu,Rima,0,1937-08-19,1937-09-01,3,2,2,1,0
24.94673756860773,0.9999999690768531,facility_df,house_df,2214,2231,Zauma,Zauma,4,Fatuma,Fatuma,4,Ssenyonjo,Kala,0,1961-09-23,1961-09-16,3,2,2,1,0
24.94673756860773,0.9999999690768531,facility_df,house_df,1359,3235,Namugose,Namugose,4,Fatuma,Fatuma,4,Kagimu,Tala,0,2006-08-04,2006-08-17,3,2,2,1,0
24.955146601477434,0.9999999692565704,facility_df,house_df,444,1214,Fauza,Fauza,4,Nakagolo,Nakagolo,4,Oduku,,-1,2020-07-22,2020-08-04,3,2,2,1,0
24.96552630439194,0.9999999694769652,facility_df,house_df,682,3290,Betty,Betty,4,Nanghendo,Nanghendo,4,Kizito,Fara,0,1959-01-04,1959-01-24,4,2,2,1,0
24.976281844221745,0.9999999697036736,facility_df,house_df,2368,3889,Salimu,Salimu,4,Kisambira,Kisambira,4,Cheche,Awori,0,2002-09-26,2002-10-09,3,1,1,1,0
24.991266027284087,0.9999999700167101,facility_df,house_df,1580,1488,Bushira,Bushira,4,Babirye,Babirye,4,,,-1,1940-04-21,1940-04-14,3,2,2,1,0
25.001372825184575,0.999999970226024,facility_df,house_df,2110,3292,Namatende,Namatende,4,Wotali,Wotali,4,Kwagala,Akira,0,2017-08-23,2017-09-05,3,2,2,1,0
25.006443814732,0.999999970330494,facility_df,house_df,370,199,Asumati,Asumati,4,Babirye,Babirye,4,Nkumba,Azara,0,2023-07-07,2023-07-20,3,2,2,1,0
25.019997745827403,0.9999999706079299,facility_df,house_df,230,453,Nabirye,Nabirye,4,Aidha,Aidha,4,,,-1,1939-03-12,1939-04-01,3,2,2,1,0
25.026907917291712,0.9999999707483744,facility_df,house_df,2789,1020,Siragi,Siragi,4,Kakaire,Kakaire,4,Nakibinge,Lwasa,0,1994-06-11,1994-06-24,3,1,1,1,0
25.031114646019518,0.9999999708335445,facility_df,house_df,529,3900,Nakagolo,Nakagolo,4,Sofi,Sofi,4,Ekwamu,Zima,0,1959-05-07,1959-05-27,4,2,2,1,0
25.04234190144277,0.999999971059641,facility_df,house_df,2208,2599,Waigangala,Waigangala,4,Muwaya,Muwaya,4,Basiima,Mwijukye,0,2007-03-28,2007-03-21,4,1,1,1,0
25.048358336263984,0.999999971180079,facility_df,house_df,571,3356,Nakagolo,Nakagolo,4,Nabutanda,Nabutanda,4,Nakalanzi,,-1,1945-04-05,1945-04-25,4,2,2,1,0
25.052903125824656,0.9999999712707249,facility_df,house_df,1091,613,Tenywa,Tenywa,4,Falidi,Falidi,4,Arinaitwe,Isingoma,0,1997-08-25,1997-09-07,3,1,1,1,0
25.052903125824656,0.9999999712707249,facility_df,house_df,1195,3226,Mwesigwa,Mwesigwa,4,Ziraba,Ziraba,4,Jali,Kiiza,0,2001-07-08,2001-07-21,3,1,1,1,0
25.052903125824656,0.9999999712707249,facility_df,house_df,1796,3544,Mukisa,Mukisa,4,Charles,Charles,4,Nansubuga,Bukenya,0,2010-06-02,2010-05-26,3,1,1,1,0
25.052903125824656,0.9999999712707249,facility_df,house_df,354,613,Tenywa,Tenywa,4,Falidi,Falidi,4,Arinaitwe,Isingoma,0,1997-08-25,1997-09-07,3,1,1,1,0
25.052903125824656,0.9999999712707249,facility_df,house_df,412,3035,Mwesigwa,Mwesigwa,4,Maido,Maido,4,Atieno,Mugasha,0,1978-06-24,1978-07-07,3,1,1,1,0
25.065061977942854,0.9999999715118342,facility_df,house_df,783,7,Mawazi,Mawazi,4,Musa,Musa,4,Nkima,Mugasha,0,1975-11-07,1975-11-27,4,1,1,1,0
25.07062381889737,0.9999999716214496,facility_df,house_df,2022,800,Namuwaya,Namuwaya,4,Shakira,Shakira,4,Ekwamu,,-1,1996-12-12,1997-01-01,3,2,2,1,0
25.07062381889737,0.9999999716214496,facility_df,house_df,1851,800,Namuwaya,Namuwaya,4,Shakira,Shakira,4,Ekwamu,,-1,1996-12-12,1997-01-01,3,2,2,1,0
25.076557616780683,0.9999999717379306,facility_df,house_df,2726,1547,Tenywa,Tenywa,4,Tenwa,Tenwa,4,Alali,Kisitu,0,2012-09-29,2012-09-22,4,1,1,1,0
25.076557616780683,0.9999999717379306,facility_df,house_df,1018,580,Zaituna,Zaituna,4,Mukyala,Mukyala,4,Amukulu,Bisa,0,1979-04-25,1979-04-05,4,2,2,1,0
25.076557616780683,0.9999999717379306,facility_df,house_df,1830,1547,Tenywa,Tenywa,4,Tenwa,Tenwa,4,Alali,Kisitu,0,2012-09-29,2012-09-22,4,1,1,1,0
25.079375337185848,0.9999999717930753,facility_df,house_df,1512,815,Hanisha,Hanisha,4,Kagoya,Kagoya,4,Ggombe,Abena,0,2003-06-25,2003-06-18,3,2,2,1,0
25.079375337185848,0.9999999717930753,facility_df,house_df,2017,962,Nasabu,Nasabu,4,Phiona,Phiona,4,Nakalanzi,Sela,0,1989-07-24,1989-07-17,3,2,2,1,0
25.079375337185848,0.9999999717930753,facility_df,house_df,336,962,Nasabu,Nasabu,4,Phiona,Phiona,4,Nakalanzi,Sela,0,1989-07-24,1989-07-17,3,2,2,1,0
25.079375337185848,0.9999999717930753,facility_df,house_df,950,1124,Betty,Betty,4,Mwajuma,Mwajuma,4,Nampijja,Inara,0,1958-02-15,1958-02-28,3,2,2,1,0
25.079375337185848,0.9999999717930753,facility_df,house_df,574,1711,Shanita,Shanita,4,Nakayima,Nakayima,4,Bandi,Pama,0,1998-09-15,1998-09-28,3,2,2,1,0
25.088145591055895,0.9999999719640272,facility_df,house_df,2397,927,Opolot,Opolot,4,Waiswa,Waiswa,4,Nabbosa,Casmir,0,2014-11-02,2014-11-08,4,1,1,1,0
25.095495002549125,0.9999999721064856,facility_df,house_df,2470,4074,Zubedah,Zubedah,4,Nakaziba,Nakaziba,4,Nakalanzi,Sanda,0,1982-03-03,1982-03-16,3,2,2,1,0
25.095495002549125,0.9999999721064856,facility_df,house_df,633,4074,Zubedah,Zubedah,4,Nakaziba,Nakaziba,4,Nakalanzi,Sanda,0,1982-03-03,1982-03-16,3,2,2,1,0
25.095495002549125,0.9999999721064856,facility_df,house_df,2753,1876,Swabura,Swabura,4,Nakaziba,Nakaziba,4,Kimera,Rila,0,1966-02-23,1966-02-16,3,2,2,1,0
25.095495002549125,0.9999999721064856,facility_df,house_df,1850,1876,Swabura,Swabura,4,Nakaziba,Nakaziba,4,Kimera,Rila,0,1966-02-23,1966-02-16,3,2,2,1,0
25.096619027430314,0.9999999721282093,facility_df,house_df,433,472,Sharon,Sharon,4,Kagoya,Kagoya,4,,,-1,1964-07-06,1964-07-19,3,2,2,1,0
25.10090849873549,0.9999999722109557,facility_df,house_df,2106,977,Fahadi,Fahadi,4,Musa,Musa,4,Nakalema,Magyezi,0,1968-07-06,1968-07-19,3,1,1,1,0
25.10090849873549,0.9999999722109557,facility_df,house_df,900,3180,Aisha,Aisha,4,Sheira,Sheira,4,Byamugisha,Fara,0,2004-12-15,2005-01-04,3,2,2,1,0
25.111796814878225,0.9999999724198959,facility_df,house_df,930,792,Emmanuel,Emmanuel,4,Kaziba,Kaziba,4,Chilalo,Munyagwa,0,1942-09-14,1942-10-04,3,1,1,1,0
25.11273869279359,0.999999972437896,facility_df,house_df,2061,3802,Joyce,Joyce,4,Nakaziba,Nakaziba,4,Balamu,,-1,1999-07-20,1999-08-09,3,2,2,1,0
25.121607747616174,0.9999999726068158,facility_df,house_df,1271,4056,Naima,Naima,4,Naigaga,Naigaga,4,Nakalanzi,,-1,1946-08-09,1946-08-22,3,2,2,1,0
25.121607747616174,0.9999999726068158,facility_df,house_df,290,4056,Naima,Naima,4,Naigaga,Naigaga,4,Nakalanzi,,-1,1946-08-09,1946-08-22,3,2,2,1,0
25.123478664168175,0.9999999726423169,facility_df,house_df,623,1234,Namunana,Namunana,4,Kalungi,Kalungi,4,Tamu,Bria,0,1944-07-17,1944-07-10,4,2,2,1,0
25.123478664168175,0.9999999726423169,facility_df,house_df,270,1234,Namunana,Namunana,4,Kalungi,Kalungi,4,Tamu,Bria,0,1944-07-17,1944-07-10,4,2,2,1,0
25.128284937666795,0.9999999727333061,facility_df,house_df,1741,2249,Nakidodo,Nakidodo,4,Tibita,Tibita,4,Zuri,Qira,0,2015-02-14,2015-03-06,3,2,2,1,0
25.136393183749618,0.9999999728861207,facility_df,house_df,2654,3399,Zabula,Zabula,4,Nakaziba,Nakaziba,4,Nakato,,-1,2014-10-08,2014-10-01,4,2,2,1,0
25.139382646550125,0.9999999729422463,facility_df,house_df,1129,583,Kikyonkyo,Kikyonkyo,4,Fatuma,Fatuma,4,Amuto,Ema,0,1957-07-25,1957-08-14,3,2,2,1,0
25.139382646550125,0.9999999729422463,facility_df,house_df,271,583,Kikyonkyo,Kikyonkyo,4,Fatuma,Fatuma,4,Amuto,Ema,0,1957-07-25,1957-08-14,3,2,2,1,0
25.15619093423668,0.9999999732556566,facility_df,house_df,2848,1111,Sumini,Sumini,4,Namugaya,Namugaya,4,Namara,Zara,0,1997-01-29,1997-02-11,3,2,2,1,0
25.15619093423668,0.9999999732556566,facility_df,house_df,1679,3086,Saida,Saida,4,Nakiranda,Nakiranda,4,Bahati,Gia,0,1970-02-06,1970-02-19,3,2,2,1,0
25.15619093423668,0.9999999732556566,facility_df,house_df,2562,1111,Sumini,Sumini,4,Namugaya,Namugaya,4,Namara,Zara,0,1997-01-29,1997-02-11,3,2,2,1,0
25.16373322328885,0.9999999733951089,facility_df,house_df,889,3512,Hasifa,Hasifa,4,Kagoya,Kagoya,4,Namazzi,,-1,1949-09-04,1949-09-17,3,2,2,1,0
25.178911010736762,0.9999999736735369,facility_df,house_df,1332,3736,Anisha,Anisha,4,Namutamba,Namutamba,4,Atiko,Bria,0,1940-04-30,1940-05-13,3,2,2,1,0
25.189922747269716,0.9999999738737154,facility_df,house_df,848,1802,Nabirye,Nabirye,4,Naula,Naula,4,Elemu,,-1,1995-10-04,1995-10-17,3,2,2,1,0
25.19040664957459,0.9999999738824771,facility_df,house_df,2162,3110,Shamida,Shamida,4,Sarah,Sarah,4,Bamwe,Yara,0,1938-07-20,1938-06-30,3,2,2,1,0
25.19040664957459,0.9999999738824771,facility_df,house_df,603,3710,Nakisuyi,Nakisuyi,4,Sarah,Sarah,4,Ariba,Yona,0,1934-07-24,1934-07-17,3,2,2,1,0
25.19040664957459,0.9999999738824771,facility_df,house_df,331,3110,Shamida,Shamida,4,Sarah,Sarah,4,Bamwe,Yara,0,1938-07-20,1938-06-30,3,2,2,1,0
25.19040664957459,0.9999999738824771,facility_df,house_df,2467,783,Mutesi,Mutesi,4,Leya,Leya,4,Byaruhanga,Cira,0,2012-02-05,2012-02-18,3,2,2,1,0
25.19040664957459,0.9999999738824771,facility_df,house_df,1104,836,Mutesi,Mutesi,4,Saufa,Saufa,4,Kagimu,Yara,0,1960-08-10,1960-07-03,3,2,2,1,0
25.19040664957459,0.9999999738824771,facility_df,house_df,1380,3644,Mutesi,Mutesi,4,Kisakya,Kisakya,4,Akuku,Pira,0,1985-10-31,1985-10-24,3,2,2,1,0
25.19040664957459,0.9999999738824771,facility_df,house_df,872,3898,Mutesi,Mutesi,4,Nakalyango,Nakalyango,4,Echodu,Sama,0,1933-11-11,1933-11-24,3,2,2,1,0
25.201994623849803,0.9999999740914173,facility_df,house_df,426,3989,Muzafalu,Muzafalu,4,Waiswa,Waiswa,4,Kizito,Gamanya,0,2022-11-29,2022-12-12,3,1,1,1,0
25.20613425504018,0.9999999741656521,facility_df,house_df,424,2931,Ziyada,Ziyada,4,Nangobi,Nangobi,4,Agwang,,-1,1945-06-04,1945-06-24,4,2,2,1,0
25.231378430630897,0.9999999746137678,facility_df,house_df,2129,618,John,John,4,Kalangabisa,Kalangabisa,4,Asali,Nalibwama,0,1942-09-09,1942-09-22,3,1,1,1,0
25.2366406250077,0.9999999747061947,facility_df,house_df,2468,272,Rahuma,Rahuma,4,Muhamady,Muhamadi,3,,,-1,2021-03-06,2021-03-06,5,2,2,1,0
25.24930033862816,0.999999974927178,facility_df,house_df,759,4064,Kaziba,Kaziba,4,Munyavu,Munyavu,4,Nakalanzi,Kyasanku,0,1930-02-07,1930-01-31,3,1,1,1,0
25.26098218791811,0.9999999751293789,facility_df,house_df,1821,194,Mulawa,Mulawa,4,Sadati,Sadati,4,Nalukwago,Najjemba,0,1980-02-28,1980-02-21,4,1,1,1,0
25.26098218791811,0.9999999751293789,facility_df,house_df,2201,1925,Kimumwe,Kimumwe,4,Mwase,Mwase,4,Nabbosa,Bukenya,0,1998-08-08,1998-08-28,4,1,1,1,0
25.261373170928735,0.9999999751361182,facility_df,house_df,2844,2129,Mirembe,Mirembe,4,Halima,Halima,4,Namuddu,Chuma,0,1936-09-12,1936-09-25,3,2,2,1,0
25.266544028872627,0.9999999752250749,facility_df,house_df,607,3609,Sarah,Sarah,4,Namwebya,Namwebya,4,Abwooli,,-1,1936-10-26,1936-11-08,3,2,2,1,0
25.266544028872627,0.9999999752250749,facility_df,house_df,541,3609,Sarah,Sarah,4,Namwebya,Namwebya,4,Abwooli,,-1,1936-10-26,1936-11-08,3,2,2,1,0
25.274764535677594,0.9999999753658415,facility_df,house_df,1655,3087,Mutesi,Mutesi,4,Namukasa,Namukasa,4,Baiga,,-1,1978-06-28,1978-06-01,3,2,2,1,0
25.285826214653273,0.9999999755539986,facility_df,house_df,1978,3234,Umaru,Umaru,4,Ngobi,Ngobi,4,Kafeero,Isanga,0,1998-06-23,1998-07-06,3,1,1,1,0
25.285826214653273,0.9999999755539986,facility_df,house_df,1413,3234,Umaru,Umaru,4,Ngobi,Ngobi,4,Kafeero,Isanga,0,1998-06-23,1998-07-06,3,1,1,1,0
25.285826214653273,0.9999999755539986,facility_df,house_df,222,2933,Namususwa,Namususwa,4,Saniya,Saniya,4,Ahadi,Sira,0,2015-05-12,2015-06-01,3,2,2,1,0
25.2874543992793,0.999999975581572,facility_df,house_df,2002,1606,Peace,Peace,4,Nuulu,Nuulu,4,Apeyo,Wira,0,2017-02-18,2017-02-11,4,2,2,1,0
25.298209939109107,0.9999999757629388,facility_df,house_df,1449,1233,Jamiru,Jamiru,4,Kisambira,Kisambira,4,Ssubi,Kugonza,0,2009-08-22,2009-09-11,3,1,1,1,0
25.298209939109107,0.9999999757629388,facility_df,house_df,1570,1609,Nabirye,Nabirye,4,Nalutaya,Nalutaya,4,Arafu,Ura,0,2014-03-25,2014-04-07,3,2,2,1,0
25.298209939109107,0.9999999757629388,facility_df,house_df,174,3782,Nabirye,Nabirye,4,Nalwoga,Nalwoga,4,Baguma,Jaira,0,1969-06-11,1969-07-01,3,2,2,1,0
25.30444189282062,0.9999999758674087,facility_df,house_df,305,2152,Kimumwe,Kimumwe,4,Mutale,Mutale,4,Nanyonga,Gidudu,0,1934-06-08,1934-06-21,3,1,1,1,0
25.308345866538914,0.999999975932624,facility_df,house_df,468,2742,Nakaziba,Nakaziba,4,Zulah,Zulah,4,,,-1,2011-01-02,2011-01-22,4,2,2,1,0
25.323300920071937,0.999999976180819,facility_df,house_df,1616,645,Namugaya,Namugaya,4,Shanita,Shanita,4,Atuya,Cira,0,2006-03-01,2006-02-02,3,2,2,1,0
25.32672439585377,0.9999999762372743,facility_df,house_df,1836,325,Kayenga,Kayenga,4,Nakagolo,Nakagolo,4,,,-1,1960-06-04,1960-06-24,4,2,2,1,0
25.336011971821492,0.9999999763897592,facility_df,house_df,1574,681,Naigaga,Naigaga,4,Asanati,Asanati,4,Bagaya,Fara,0,1957-06-08,1957-06-21,3,2,2,1,0
25.34240974301964,0.9999999764942293,facility_df,house_df,532,1047,Tenywa,Tenywa,4,Alamazani,Alamazani,4,Nalubega,Mugasha,0,1991-10-31,1991-11-13,3,1,1,1,0
25.344000168952622,0.9999999765201278,facility_df,house_df,1120,530,Alaisa,Alaisa,4,Naigaga,Naigaga,4,Aguti,,-1,2009-03-19,2009-04-08,3,2,2,1,0
25.344000168952622,0.9999999765201278,facility_df,house_df,389,3771,Jalia,Jalia,4,Naigaga,Naigaga,4,Ayo,,-1,2021-05-19,2021-06-01,3,2,2,1,0
25.361775067886573,0.9999999768076396,facility_df,house_df,832,638,Hairati,Hairati,4,Fatuma,Fatuma,4,Atim,Qanda,0,1970-03-06,1970-03-19,3,2,2,1,0
25.374831220712018,0.9999999770165797,facility_df,house_df,966,966,Mary,Mary,4,Shamimu,Shamimu,4,Nakalanzi,Landa,0,1986-11-25,1986-12-08,3,2,2,1,0
25.37547840042579,0.9999999770268876,facility_df,house_df,2565,3909,Kagoya,Kagoya,4,Shaluwa,Shaluwa,4,Galabu,,-1,1988-01-17,1988-02-06,3,2,2,1,0
25.37547840042579,0.9999999770268876,facility_df,house_df,2464,1176,Kagoya,Kagoya,4,Shaluwa,Shaluwa,4,Nkumba,,-1,1979-10-30,1979-10-23,3,2,2,1,0
25.398485711668048,0.9999999773903444,facility_df,house_df,1520,3233,Midina,Midina,4,Shamimu,Shamimu,4,Kafeero,Zara,0,1984-04-08,1984-04-01,4,2,2,1,0
25.40130343207321,0.9999999774344601,facility_df,house_df,2785,666,Musubika,Musubika,4,Shamina,Shamina,4,Ayebazinga,Imani,0,1960-06-16,1960-06-29,3,2,2,1,0
25.40130343207321,0.9999999774344601,facility_df,house_df,1364,1617,Steven,Steven,4,Sowobi,Sowobi,4,Aruho,Nalubwama,0,1945-10-20,1945-10-13,3,1,1,1,0
25.40130343207321,0.9999999774344601,facility_df,house_df,2041,666,Musubika,Musubika,4,Shamina,Shamina,4,Ayebazinga,Imani,0,1960-06-16,1960-06-29,3,2,2,1,0
25.402245309988576,0.9999999774491874,facility_df,house_df,1028,3939,Zawumina,Zawumina,4,Nakaziba,Nakaziba,4,Kamau,,-1,1959-09-21,1959-10-04,3,2,2,1,0
25.402245309988576,0.9999999774491874,facility_df,house_df,1013,3939,Zawumina,Zawumina,4,Nakaziba,Nakaziba,4,Kamau,,-1,1959-09-21,1959-10-04,3,2,2,1,0
25.412985281363163,0.999999977616441,facility_df,house_df,2127,3046,Wambi,Wambi,4,Kevin,Kevin,4,Awach,Erwau,0,1972-08-03,1972-08-23,4,1,1,1,0
25.42148131401084,0.9999999777478704,facility_df,house_df,1419,3560,Buuza,Buuza,4,Babirye,Babirye,4,Naseko,Fara,0,1934-07-27,1934-08-09,3,2,2,1,0
25.422194899332823,0.9999999777588741,facility_df,house_df,419,541,Nakaziba,Nakaziba,4,Racheal,Racheal,4,Akim,,-1,2002-05-20,2002-06-02,3,2,2,1,0
25.42827047967348,0.9999999778523405,facility_df,house_df,2346,3335,Nakamume,Nakamume,4,Mutesi,Mutesi,4,Nabbosa,Hama,0,1989-02-23,1989-03-08,3,2,2,1,0
25.441945416570555,0.9999999780612807,facility_df,house_df,2527,56,Fauza,Fauza,4,Nakidodo,Nakidodo,4,Nyongera,Tara,0,1981-06-02,1981-05-26,3,2,2,1,0
25.441945416570555,0.9999999780612807,facility_df,house_df,1930,39,Namusubo,Namusubo,4,Mutale,Mutale,4,Kafeero,Zada,0,1939-03-05,1939-02-26,3,2,2,1,0
25.441945416570555,0.9999999780612807,facility_df,house_df,1733,39,Namusubo,Namusubo,4,Mutale,Mutale,4,Kafeero,Zada,0,1939-03-05,1939-02-26,3,2,2,1,0
25.441945416570555,0.9999999780612807,facility_df,house_df,1389,1016,Naiwumbwe,Naiwumbwe,4,Nawaguma,Nawaguma,4,Nakayiza,Dina,0,1965-05-09,1965-05-22,3,2,2,1,0
25.441945416570555,0.9999999780612807,facility_df,house_df,2034,923,Ali,Ali,4,Abdu,Abdu,4,Nabbosa,Kalyango,0,2020-01-22,2020-01-15,3,1,1,1,0
25.441945416570555,0.9999999780612807,facility_df,house_df,1806,923,Ali,Ali,4,Abdu,Abdu,4,Nabbosa,Kalyango,0,2020-01-22,2020-01-15,3,1,1,1,0
25.448831802155794,0.9999999781657508,facility_df,house_df,2171,3572,Namatende,Namatende,4,Nakasango,Nakasango,4,Nkuba,Qima,0,1973-11-12,1973-11-25,3,2,2,1,0
25.448831802155794,0.9999999781657508,facility_df,house_df,147,3264,Fahadi,Fahadi,4,Maido,Maido,4,Kiganda,Nalubwama,0,1998-12-12,1999-01-01,3,1,1,1,0
25.45427444557428,0.9999999782479665,facility_df,house_df,585,2250,Sumaya,Sumaya,4,Patience,Patience,4,,,-1,1949-07-09,1949-07-02,4,2,2,1,0
25.455751216095585,0.9999999782702208,facility_df,house_df,1004,3991,Maganda,Maganda,4,Kigenyi,Kigenyi,4,Kizito,Jjuko,0,1966-02-21,1966-01-25,3,1,1,1,0
25.455751216095585,0.9999999782702208,facility_df,house_df,2360,2088,Umaru,Umaru,4,Muwaya,Muwaya,4,Nalukenge,Amos,0,2024-11-26,2024-12-16,3,1,1,1,0
25.455751216095585,0.9999999782702208,facility_df,house_df,500,3064,Irene,Irene,4,Juliet,Juliet,4,Ayebare,Cira,0,1964-10-16,1964-10-29,3,2,2,1,0
25.457379400721614,0.9999999782947306,facility_df,house_df,2833,1836,Hailati,Hailati,4,Namugaya,Namugaya,4,Kagimu,Zara,0,2024-03-08,2024-03-01,4,2,2,1,0
25.457379400721614,0.9999999782947306,facility_df,house_df,1297,3940,Zahara,Zahara,4,Nakabambwe,Nakabambwe,4,Kamya,Banda,0,1955-06-27,1955-06-20,4,2,2,1,0
25.476710834731232,0.9999999785836311,facility_df,house_df,352,584,Kisambira,Kisambira,4,Kapisi,Kapisi,4,Amutu,Mukitale,0,1991-11-05,1991-11-18,3,1,1,1,0
25.480435549150847,0.999999978638852,facility_df,house_df,11,2057,Bakali,Bakali,4,Kisambira,Kisambira,4,Nalubega,Nalwbwama,1,1946-12-23,1947-01-05,3,1,1,1,0
25.483765592265183,0.9999999786881012,facility_df,house_df,2483,3760,Sowedi,Sowedi,4,Isabirye,Isabirye,4,Awori,Isingoma,0,2000-08-08,2000-07-19,3,1,1,1,0
25.483765592265183,0.9999999786881012,facility_df,house_df,822,3610,Mujibu,Mujibu,4,Isabirye,Isabirye,4,Achara,Kanakulya,0,1980-05-16,1980-05-09,3,1,1,1,0
25.485661318176213,0.999999978716087,facility_df,house_df,1404,2044,Betty,Betty,4,Shakira,Shakira,4,Nalo,,-1,1981-06-28,1981-07-11,3,2,2,1,0
25.485661318176213,0.999999978716087,facility_df,house_df,975,2044,Betty,Betty,4,Shakira,Shakira,4,Nalo,,-1,1981-06-28,1981-07-11,3,2,2,1,0
25.50100928250965,0.9999999789413136,facility_df,house_df,1020,1416,Hadija,Hadija,4,Halima,Halima,4,,,-1,1961-03-25,1961-03-14,3,2,2,1,0
25.512334744461953,0.9999999791059816,facility_df,house_df,440,3487,Kaziba,Kaziba,4,Shaban,Shaban,4,Nalukenge,Kirabira,0,1947-09-03,1947-09-16,3,1,1,1,0
25.51877994538576,0.9999999791991169,facility_df,house_df,918,501,Lairati,Lairati,4,Namuwaya,Namuwaya,4,Abasi,Sana,0,1969-09-05,1969-09-25,4,2,2,1,0
25.52630330267356,0.9999999793073068,facility_df,house_df,396,860,Rehema,Rehema,4,Kauma,Kauma,4,Kibibi,,-1,1978-12-30,1979-01-19,3,2,2,1,0
25.526834314157067,0.9999999793149218,facility_df,house_df,1976,553,Zulaika,Zulaika,4,Namumbya,Namumbya,4,Alimu,Diara,0,1933-05-30,1933-06-19,3,2,2,1,0
25.57122843351552,0.9999999799417423,facility_df,house_df,164,2183,Kagoya,Kagoya,4,Joanita,Joanita,4,Nkwanzi,Yama,0,1993-12-25,1994-01-14,3,2,2,1,0
25.57622852800524,0.9999999800111399,facility_df,house_df,1928,1336,Namugogo,Namugogo,4,Babirye,Babirye,4,,,-1,2009-10-12,2009-10-05,3,2,2,1,0
25.57622852800524,0.9999999800111399,facility_df,house_df,545,1336,Namugogo,Namugogo,4,Babirye,Babirye,4,,,-1,2009-10-12,2009-10-05,3,2,2,1,0
25.579622439671045,0.9999999800581081,facility_df,house_df,1319,293,Naigaga,Naigaga,4,Afuwa,Afuwa,4,Farida,Farida,4,2017-10-23,2016-08-19,2,2,2,1,0
25.58847212375999,0.9999999801800599,facility_df,house_df,1523,2308,Namaganda,Namaganda,4,Namumbya,Namumbya,4,,,-1,1968-02-11,1968-02-24,3,2,2,1,0
25.58847212375999,0.9999999801800599,facility_df,house_df,1142,2308,Namaganda,Namaganda,4,Namumbya,Namumbya,4,,,-1,1968-02-11,1968-02-24,3,2,2,1,0
25.593948510015608,0.9999999802551526,facility_df,house_df,1618,1626,Kirabira,Kirabira,4,Namaganda,Namaganda,4,Asingo,Lira,0,2025-11-25,2025-11-18,3,2,2,1,0
25.593948510015608,0.9999999802551526,facility_df,house_df,17,3654,Nakinonko,Nakinonko,4,Namatende,Namatende,4,Alinda,Xira,0,2014-10-08,2014-09-11,3,2,2,1,0
25.594204706718756,0.9999999802586585,facility_df,house_df,118,1224,Faridah,Faridah,4,Shadia,Shadia,4,Ssali,,-1,2018-05-04,2018-05-24,4,2,2,1,0
25.594204706718756,0.9999999802586585,facility_df,house_df,295,4101,Namuwaya,Namuwaya,4,Saida,Saida,4,Nakato,,-1,1944-08-11,1944-08-31,4,2,2,1,0
25.599398405594044,0.9999999803295996,facility_df,house_df,1936,2082,Kyamayazi,Kyamayazi,4,Kisambira,Kisambira,4,Nalukenge,Bukenya,0,2007-10-08,2007-10-01,4,1,1,1,0
25.60929647434904,0.9999999804640928,facility_df,house_df,1849,3965,Kamuyati,Kamuyati,4,Amulasi,Amulasi,4,Kiganda,Sela,0,1999-11-16,1999-12-06,3,2,2,1,0
25.611192200260074,0.9999999804897464,facility_df,house_df,1581,2584,Fatiya,Fatiya,4,Namaganda,Namaganda,4,Bakari,,-1,1984-04-12,1984-04-25,3,2,2,1,0
25.611192200260074,0.9999999804897464,facility_df,house_df,149,2584,Fatiya,Fatiya,4,Namaganda,Namaganda,4,Bakari,,-1,1984-04-12,1984-04-25,3,2,2,1,0
25.621171754319025,0.999999980624239,facility_df,house_df,1175,1907,Akiru,Akiru,4,Mutesi,Mutesi,4,Malaika,,-1,2000-04-03,2000-03-03,4,2,2,1,0
25.62163898769519,0.999999980630513,facility_df,house_df,2649,2540,Nangobi,Nangobi,4,Alamina,Alamina,4,Ankole,,-1,2004-08-12,2004-08-05,3,2,2,1,0
25.630051227511387,0.9999999807431263,facility_df,house_df,2631,3744,Justine,Justine,4,Nankwanga,Nankwanga,4,Atunga,,-1,2006-06-13,2006-06-26,3,2,2,1,0
25.630051227511387,0.9999999807431263,facility_df,house_df,1324,3744,Justine,Justine,4,Nankwanga,Nankwanga,4,Atunga,,-1,2006-06-13,2006-06-26,3,2,2,1,0
25.630273961426276,0.9999999807460991,facility_df,house_df,1955,3566,Nakaziba,Nakaziba,4,Sofiati,Sofiati,4,Ngozi,,-1,1934-08-08,1934-08-01,4,2,2,1,0
25.632628978179667,0.999999980777503,facility_df,house_df,1382,3745,Salima,Salima,4,Kakoose,Kakoose,4,Atuya,Isha,0,1980-07-16,1980-07-29,3,2,2,1,0
25.648396294037983,0.9999999809864432,facility_df,house_df,2339,140,Rukiya,Rukiya,4,Mariam,Mariam,4,Kigongo,Chuma,0,1996-07-25,1996-07-18,3,2,2,1,0
25.648396294037983,0.9999999809864432,facility_df,house_df,2612,2185,Amina,Amina,4,Brenda,Brenda,4,Nnabunya,Safi,0,1947-07-05,1947-06-28,3,2,2,1,0
25.648396294037983,0.9999999809864432,facility_df,house_df,221,3752,Kawala,Kawala,4,Peace,Peace,4,Awino,Ema,0,1941-12-14,1941-12-27,3,2,2,1,0
25.664337837907002,0.9999999811953834,facility_df,house_df,1880,2929,Banuli,Banuli,4,Magumba,Magumba,4,Agondo,Casmir,0,1974-05-10,1974-04-20,3,1,1,1,0
25.664337837907002,0.9999999811953834,facility_df,house_df,2325,4011,Sulaina,Sulaina,4,Kaudha,Kaudha,4,Mamadou,Hira,0,1967-05-20,1967-05-13,3,2,2,1,0
25.664337837907002,0.9999999811953834,facility_df,house_df,487,81,Namuwaya,Namuwaya,4,Asumati,Asumati,4,Nagawa,Fanda,0,1980-11-01,1980-11-14,3,2,2,1,0
25.664337837907002,0.9999999811953834,facility_df,house_df,1681,3364,Sadiki,Sadiki,4,Lwabaga,Lwabaga,4,Nakalanzi,Kyeyune,0,1940-07-10,1940-07-23,3,1,1,1,0
25.664337837907002,0.9999999811953834,facility_df,house_df,485,3364,Sadiki,Sadiki,4,Lwabaga,Lwabaga,4,Nakalanzi,Kyeyune,0,1940-07-10,1940-07-23,3,1,1,1,0
25.664337837907002,0.9999999811953834,facility_df,house_df,471,3306,Kaudha,Kaudha,4,Ruth,Ruth,4,Maimouna,Dara,0,2004-02-21,2004-03-12,3,2,2,1,0
25.668525375326023,0.9999999812498861,facility_df,house_df,2868,3774,Florence,Florence,4,Shadia,Shadia,4,Ayugi,,-1,2022-03-22,2022-04-11,3,2,2,1,0
25.670693212008736,0.9999999812780395,facility_df,house_df,604,2528,Justine,Justine,4,Aisha,Aisha,4,Amani,,-1,1931-10-20,1931-11-02,3,2,2,1,0
25.684789896824686,0.9999999814600824,facility_df,house_df,1810,1794,Namukose,Namukose,4,Salima,Salima,4,Damba,Gani,0,1972-01-04,1972-01-24,4,2,2,1,0
25.696759315599383,0.9999999816132638,facility_df,house_df,980,3595,Kwagala,Kwagala,4,Namususwa,Namususwa,4,Nsereko,Qira,0,1977-10-20,1977-10-13,3,2,2,1,0
25.696759315599383,0.9999999816132638,facility_df,house_df,1228,112,Fred,Fred,4,Brian,Brian,4,Kabiito,Kirungi,0,1960-03-22,1960-04-11,3,1,1,1,0
25.7052360191075,0.9999999817209801,facility_df,house_df,183,3565,Ruth,Ruth,4,Hailati,Hailati,4,Neema,,-1,1957-05-30,1957-05-10,4,2,2,1,0
25.72041380655541,0.9999999819122755,facility_df,house_df,1345,3543,Sarah,Sarah,4,Shabra,Shabra,4,Nansamba,Chuma,0,1960-09-11,1960-08-11,4,2,2,1,0
25.725975647509923,0.9999999819818726,facility_df,house_df,33,831,Namugabo,Namugabo,4,Nabirye,Nabirye,4,Kabiito,,-1,1969-10-28,1969-10-17,3,2,2,1,0
25.72992617953458,0.9999999820311442,facility_df,house_df,928,2548,Nangobi,Nangobi,4,Kasowole,Kasowole,4,Arinaitwe,Bisa,0,2024-08-08,2024-08-21,3,2,2,1,0
25.738338419350782,0.9999999821356141,facility_df,house_df,636,1075,Hajara,Hajara,4,Mulondo,Mulondo,4,Nalubega,Kalyesubula,0,1980-01-11,1980-01-04,3,1,1,1,0
25.74679999809898,0.9999999822400842,facility_df,house_df,493,2189,Ayuubu,Ayuubu,4,Isabirye,Isabirye,4,Nsereko,Arin,0,2015-04-11,2015-05-01,3,1,1,1,0
25.760191362847838,0.9999999824041724,facility_df,house_df,649,1884,Mutesi,Mutesi,4,Mwaiduma,Mwaiduma,4,Kitara,,-1,1961-04-21,1961-05-11,3,2,2,1,0
25.76250152353504,0.9999999824323257,facility_df,house_df,171,3032,Shaidati,Shaidati,4,Nakagolo,Nakagolo,4,Atek,,-1,1995-06-16,1995-07-06,3,2,2,1,0
25.76387351145792,0.9999999824490244,facility_df,house_df,2766,2039,Mukama,Mukama,4,Abdu,Abdu,4,Nakyobe,Elangat,0,1997-04-10,1997-04-23,3,1,1,1,0
25.76387351145792,0.9999999824490244,facility_df,house_df,1950,2039,Mukama,Mukama,4,Abdu,Abdu,4,Nakyobe,Elangat,0,1997-04-10,1997-04-23,3,1,1,1,0
25.76387351145792,0.9999999824490244,facility_df,house_df,363,3126,Charles,Charles,4,Kakaire,Kakaire,4,Basigye,Gamanya,0,1996-02-20,1996-03-04,3,1,1,1,0
25.76387351145792,0.9999999824490244,facility_df,house_df,1115,535,Lukia,Lukia,4,Miria,Miria,4,Aisa,Aya,0,1978-10-03,1978-09-26,3,2,2,1,0
25.76387351145792,0.9999999824490244,facility_df,house_df,835,752,Hasifa,Hasifa,4,Balungi,Balungi,4,Biyinzika,Canda,0,1987-07-28,1987-07-17,3,2,2,1,0
25.764129708161068,0.999999982452141,facility_df,house_df,2715,745,Irene,Irene,4,Magumba,Magumba,4,Bintu,,-1,2017-09-04,2017-09-24,4,2,2,1,0
25.764129708161068,0.999999982452141,facility_df,house_df,2181,745,Irene,Irene,4,Magumba,Magumba,4,Bintu,,-1,2017-09-04,2017-09-24,4,2,2,1,0
25.77555536074787,0.9999999825905651,facility_df,house_df,608,4034,Rashida,Rashida,4,Aidhati,Aidhati,4,Nabbosa,Haya,0,1935-09-07,1935-09-27,4,2,2,1,0
25.776976271963306,0.9999999826077033,facility_df,house_df,203,3018,Nabirye,Nabirye,4,Nabirye,Nabirye,4,,,-1,1932-07-05,1932-07-05,5,2,2,1,0
25.797605324490956,0.9999999828546255,facility_df,house_df,2075,3746,Aisa,Aisa,4,Kisambira,Kisambira,4,Awach,,-1,1975-07-21,1975-08-10,3,2,2,1,0
25.814284065637583,0.9999999830516989,facility_df,house_df,1932,2011,Nangobi,Nangobi,4,Fahima,Fahima,4,Nakato,,-1,1944-04-24,1944-05-07,3,2,2,1,0
25.816340931352055,0.999999983075845,facility_df,house_df,1565,1737,Muwaiswa,Muwaiswa,4,Maganda,Maganda,4,Bayiga,Nadduli,0,1935-07-13,1935-07-06,3,1,1,1,0
25.816340931352055,0.999999983075845,facility_df,house_df,1525,2112,Peace,Peace,4,Nakadama,Nakadama,4,Namazzi,Cira,0,2021-01-17,2021-01-30,3,2,2,1,0
25.816340931352055,0.999999983075845,facility_df,house_df,2513,2966,Mugoya,Mugoya,4,Menya,Menya,4,Amani,Babirye,0,1950-08-26,1950-09-08,3,1,1,1,0
25.816340931352055,0.999999983075845,facility_df,house_df,1688,4007,John,John,4,Daudi,Daudi,4,Malaika,Mwijukye,0,2001-05-24,2001-06-06,3,1,1,1,0
25.816340931352055,0.999999983075845,facility_df,house_df,2525,1230,Shanita,Shanita,4,Ashima,Ashima,4,Ssengendo,Ima,0,1938-08-21,1938-09-03,3,2,2,1,0
25.816340931352055,0.999999983075845,facility_df,house_df,1926,1230,Shanita,Shanita,4,Ashima,Ashima,4,Ssengendo,Ima,0,1938-08-21,1938-09-03,3,2,2,1,0
25.825274056122062,0.9999999831803151,facility_df,house_df,2741,3418,Zaina,Zaina,4,Mbabazi,Mbabazi,4,Nakayiza,Qima,0,2017-12-12,2017-12-05,3,2,2,1,0
25.825274056122062,0.9999999831803151,facility_df,house_df,1353,3418,Zaina,Zaina,4,Mbabazi,Mbabazi,4,Nakayiza,Qima,0,2017-12-12,2017-12-05,3,2,2,1,0
25.834262839349318,0.9999999832847852,facility_df,house_df,2400,706,Fred,Fred,4,Kitawulwa,Kitawulwa,4,Balimwezo,Kamoga,0,1993-01-03,1993-01-16,3,1,1,1,0
25.87078871537443,0.9999999837026655,facility_df,house_df,2351,691,Jovia,Jovia,4,Hailati,Hailati,4,Bakamwesiga,Haniya,0,1945-07-14,1945-07-27,3,2,2,1,0
25.87241690000046,0.9999999837210479,facility_df,house_df,2385,2637,Nabukenya,Nabukenya,4,Nankwanga,Nankwanga,4,Enya,Vara,0,2017-02-02,2017-02-22,4,2,2,1,0
25.87241690000046,0.9999999837210479,facility_df,house_df,1578,2594,Asina,Asina,4,Namutamba,Namutamba,4,Banyanga,Kaya,0,1948-03-03,1948-03-23,4,2,2,1,0
25.889404393541778,0.9999999839116057,facility_df,house_df,317,3511,Eriasa,Eriasa,4,Tenywa,Tenywa,4,Namara,Abbo,0,2021-01-02,2020-12-26,3,1,1,1,0
25.889404393541778,0.9999999839116057,facility_df,house_df,2112,3993,Shube,Shube,4,Namwebya,Namwebya,4,Kwezi,Fama,0,1954-12-22,1954-12-15,3,2,2,1,0
25.889404393541778,0.9999999839116057,facility_df,house_df,1762,1851,Fahima,Fahima,4,Nakanda,Nakanda,4,Kato,Hira,0,1997-09-26,1997-10-09,3,2,2,1,0
25.889404393541778,0.9999999839116057,facility_df,house_df,998,1222,Mariam,Mariam,4,Nabiwemba,Nabiwemba,4,Shadrack,Dara,0,2002-01-14,2002-01-27,3,2,2,1,0
25.893085633345184,0.9999999839526053,facility_df,house_df,1970,689,Madina,Madina,4,Nakidodo,Nakidodo,4,Baka,,-1,1992-09-29,1992-10-12,3,2,2,1,0
25.893765696720344,0.9999999839601679,facility_df,house_df,2534,221,Akiiya,Akiiya,4,,,-1,,,-1,2012-05-03,2012-05-03,5,2,2,1,0
25.893765696720344,0.9999999839601679,facility_df,house_df,1961,2734,Bernice,Bernice,4,,,-1,,,-1,2007-04-09,2007-04-09,5,2,2,1,0
25.913058884497804,0.999999984173241,facility_df,house_df,1070,547,Patrick,Patrick,4,Muhamad,Muhamad,4,Alali,Kulubya,0,1952-02-07,1952-02-27,4,1,1,1,0
25.91862072545232,0.9999999842341385,facility_df,house_df,1446,1454,Sarah,Sarah,4,Rahuma,Rahuma,4,,,-1,2013-07-04,2013-07-17,3,2,2,1,0
25.91862072545232,0.9999999842341385,facility_df,house_df,2053,2196,Naiwumbwe,Naiwumbwe,4,Margret,Margret,4,Nsibambi,,-1,1956-04-08,1956-04-21,3,2,2,1,0
25.9273722437408,0.9999999843294861,facility_df,house_df,2508,3558,Nakasango,Nakasango,4,Safina,Safina,4,Nanziri,Qima,0,1979-01-11,1979-01-24,3,2,2,1,0
25.9273722437408,0.9999999843294861,facility_df,house_df,155,3558,Nakasango,Nakasango,4,Safina,Safina,4,Nanziri,Qima,0,1979-01-11,1979-01-24,3,2,2,1,0
25.92896266967378,0.9999999843467517,facility_df,house_df,955,3871,Afuwa,Afuwa,4,Naigaga,Naigaga,4,Buyaga,,-1,1985-12-26,1986-01-15,3,2,2,1,0
25.94125252786559,0.9999999844795304,facility_df,house_df,2343,259,Mutesi,Mutesi,4,Nangobi,Nangobi,4,,,-1,1954-03-23,1954-03-23,5,2,2,1,0
25.94673756860773,0.9999999845384263,facility_df,house_df,1197,1912,Tausi,Tausi,4,Fatuma,Fatuma,4,Mambo,Sira,0,1940-03-09,1940-02-18,3,2,2,1,0
25.954879060192432,0.999999984625434,facility_df,house_df,1037,719,Moreen,Moreen,4,Patience,Patience,4,Bari,Gala,0,2024-10-18,2024-10-11,4,2,2,1,0
25.955146601477434,0.999999984628285,facility_df,house_df,841,1054,Hasifa,Hasifa,4,Mariam,Mariam,4,Nalubega,,-1,1935-01-25,1935-02-07,3,2,2,1,0
25.956518589400314,0.9999999846428964,facility_df,house_df,2797,29,Anisha,Anisha,4,Mirisa,Mirisa,4,Kwagala,Vama,0,1991-08-31,1991-09-13,3,2,2,1,0
25.956518589400314,0.9999999846428964,facility_df,house_df,2772,881,Sumaya,Sumaya,4,Nakimbugwe,Nakimbugwe,4,Kirungi,Uma,0,1940-03-08,1940-02-17,3,2,2,1,0
25.956518589400314,0.9999999846428964,facility_df,house_df,2036,3316,Maido,Maido,4,Mutale,Mutale,4,Miremba,Jjingo,0,1986-12-17,1987-01-06,3,1,1,1,0
25.956518589400314,0.9999999846428964,facility_df,house_df,1491,2134,Sumaya,Sumaya,4,Kyowansa,Kyowansa,4,Namuddu,Anda,0,1966-10-31,1966-11-13,3,2,2,1,0
25.956518589400314,0.9999999846428964,facility_df,house_df,1186,2134,Sumaya,Sumaya,4,Kyowansa,Kyowansa,4,Namuddu,Anda,0,1966-10-31,1966-11-13,3,2,2,1,0
25.956518589400314,0.9999999846428964,facility_df,house_df,983,29,Anisha,Anisha,4,Mirisa,Mirisa,4,Kwagala,Vama,0,1991-08-31,1991-09-13,3,2,2,1,0
25.96044090114695,0.9999999846845916,facility_df,house_df,1965,3587,Namaganda,Namaganda,4,Kisakye,Kisakye,4,Nsereko,,-1,1950-08-29,1950-09-18,3,2,2,1,0
25.96044090114695,0.9999999846845916,facility_df,house_df,1669,3587,Namaganda,Namaganda,4,Kisakye,Kisakye,4,Nsereko,,-1,1950-08-29,1950-09-18,3,2,2,1,0
25.971088145346457,0.9999999847972049,facility_df,house_df,794,863,Namuwaya,Namuwaya,4,Naisanga,Naisanga,4,Kiganda,,-1,1932-05-15,1932-05-08,3,2,2,1,0
25.971088145346457,0.9999999847972049,facility_df,house_df,562,2648,Shanita,Shanita,4,Shamimu,Shamimu,4,Ggome,,-1,1934-02-27,1934-03-19,3,2,2,1,0
25.97363985501199,0.9999999848240705,facility_df,house_df,2197,341,Mirabu,Mirabu,4,,,-1,Danda,Danda,4,1937-12-27,1937-12-20,4,2,2,1,0
25.986265932794367,0.9999999849563066,facility_df,house_df,1839,1598,Mwamadi,Mwamadi,4,Alamazani,Alamazani,4,Anokwani,Mukitale,0,1958-02-17,1958-03-02,3,1,1,1,0
25.986265932794367,0.9999999849563066,facility_df,house_df,1566,1598,Mwamadi,Mwamadi,4,Alamazani,Alamazani,4,Anokwani,Mukitale,0,1958-02-17,1958-03-02,3,1,1,1,0
25.986265932794367,0.9999999849563066,facility_df,house_df,1822,2955,Hawa,Hawa,4,Namukobe,Namukobe,4,Alinda,Tala,0,1954-08-24,1954-09-13,3,2,2,1,0
25.986265932794367,0.9999999849563066,facility_df,house_df,1076,86,Mugoya,Mugoya,4,Bashiri,Bashiri,4,Nampijja,Male,0,1982-07-23,1982-08-05,3,1,1,1,0
25.986265932794367,0.9999999849563066,facility_df,house_df,355,4006,Kagoya,Kagoya,4,Olivia,Olivia,4,Maimouna,Janda,0,2022-02-27,2022-03-12,3,2,2,1,0
25.986265932794367,0.9999999849563066,facility_df,house_df,508,192,Buradina,Buradina,4,Phiona,Phiona,4,Ntambi,Akina,0,1980-07-15,1980-07-08,3,2,2,1,0
25.986265932794367,0.9999999849563066,facility_df,house_df,326,192,Buradina,Buradina,4,Phiona,Phiona,4,Ntambi,Akina,0,1980-07-15,1980-07-08,3,2,2,1,0
25.987207810709734,0.9999999849661249,facility_df,house_df,968,2646,Christina,Christina,4,Nakaziba,Nakaziba,4,Ggamba,,-1,1969-02-17,1969-03-09,3,2,2,1,0
25.987207810709734,0.9999999849661249,facility_df,house_df,57,2646,Christina,Christina,4,Nakaziba,Nakaziba,4,Ggamba,,-1,1969-02-17,1969-03-09,3,2,2,1,0
25.99631959745829,0.9999999850607767,facility_df,house_df,902,3743,David,David,4,Bwana,Bwana,4,Atule,Feta,0,1975-01-30,1975-02-12,3,1,1,1,0
25.997947782084317,0.9999999850776272,facility_df,house_df,6,2512,Asuman,Asuman,4,Sempa,Sempa,4,Aguti,Bwambale,0,2002-03-02,2002-03-22,4,1,1,1,0
25.998055192946726,0.9999999850787381,facility_df,house_df,1233,3405,Kwabakya,Kwabakya,4,Nangobi,Nangobi,4,Nakato,,-1,1943-03-04,1943-03-17,3,2,2,1,0
25.998055192946726,0.9999999850787381,facility_df,house_df,460,3405,Kwabakya,Kwabakya,4,Nangobi,Nangobi,4,Nakato,,-1,1943-03-04,1943-03-17,3,2,2,1,0
26.0117301298438,0.9999999852195047,facility_df,house_df,2605,3173,Damali,Damali,4,Kauma,Kauma,4,Buyungo,,-1,1967-01-14,1967-02-03,3,2,2,1,0
26.0117301298438,0.9999999852195047,facility_df,house_df,1170,3173,Damali,Damali,4,Kauma,Kauma,4,Buyungo,,-1,1967-01-14,1967-02-03,3,2,2,1,0
26.026907917291712,0.999999985374187,facility_df,house_df,1164,3903,Kasata,Kasata,4,Aisha,Aisha,4,Emurwon,Jara,0,1991-02-15,1991-03-07,3,2,2,1,0
26.026907917291712,0.999999985374187,facility_df,house_df,2297,3980,Tausi,Tausi,4,Namulondo,Namulondo,4,Kirungi,Wazi,0,2003-01-06,2003-01-19,3,2,2,1,0
26.026907917291712,0.999999985374187,facility_df,house_df,2759,3030,Lovisa,Lovisa,4,Brenda,Brenda,4,Atabo,Emani,0,1946-11-11,1946-12-01,3,2,2,1,0
26.026907917291712,0.999999985374187,facility_df,house_df,1793,3330,Shamina,Shamina,4,Nakasolo,Nakasolo,4,Nabbosa,Jola,0,2009-01-06,2009-01-19,3,2,2,1,0
26.02716411399486,0.999999985376784,facility_df,house_df,2334,3692,Janet,Janet,4,Naigembe,Naigembe,4,Angoma,,-1,2025-07-19,2025-07-12,4,2,2,1,0
26.02716411399486,0.999999985376784,facility_df,house_df,2285,1343,Kagoya,Kagoya,4,Kamanda,Kamanda,4,,,-1,2011-06-22,2011-06-02,4,2,2,1,0
26.036676486974034,0.9999999854728847,facility_df,house_df,2367,832,Nangobi,Nangobi,4,Madia,Madia,4,Kafeero,,-1,1989-02-28,1989-03-13,3,2,2,1,0
26.036676486974034,0.9999999854728847,facility_df,house_df,795,832,Nangobi,Nangobi,4,Madia,Madia,4,Kafeero,,-1,1989-02-28,1989-03-13,3,2,2,1,0
26.04234190144277,0.9999999855298203,facility_df,house_df,1322,2035,Waigangala,Waigangala,4,Ayubu,Ayubu,4,Nakyobe,Hakim,0,1934-04-05,1934-04-25,4,1,1,1,0
26.04766647745851,0.9999999855831272,facility_df,house_df,2503,1,Zaina,Zaina,4,Hanifa,Hanifa,4,Kasozi,Ula,0,1930-09-09,1930-09-22,3,2,2,1,0
26.064910167702976,0.999999985754418,facility_df,house_df,2610,316,Salima,Salima,4,Nakanda,Nakanda,4,,,-1,2014-03-30,2014-03-23,3,2,2,1,0
26.079375337185848,0.9999999858965375,facility_df,house_df,1825,1153,Katerine,Katerine,4,Swabula,Swabula,4,Nanyonga,Jina,0,1967-03-25,1967-04-14,3,2,2,1,0
26.079375337185848,0.9999999858965375,facility_df,house_df,2131,2145,Gerald,Gerald,4,Sowobi,Sowobi,4,Nansubuga,Ebitu,0,1979-03-10,1979-03-23,3,1,1,1,0
26.079375337185848,0.9999999858965375,facility_df,house_df,2231,3199,John,John,4,Tulina,Tulina,4,Ekaette,Mukulu,0,1982-05-06,1982-05-19,3,1,1,1,0
26.0821194577352,0.9999999859233378,facility_df,house_df,2874,2850,Mutesi,Mutesi,4,Jane,Jane,4,,,-1,1965-05-16,1965-05-29,3,2,2,1,0
26.0821194577352,0.9999999859233378,facility_df,house_df,2802,2850,Mutesi,Mutesi,4,Jane,Jane,4,,,-1,1965-05-16,1965-05-29,3,2,2,1,0
26.08230566818732,0.9999999859251546,facility_df,house_df,1624,3768,Namubiru,Namubiru,4,Sumaya,Sumaya,4,Ayebo,,-1,1979-06-01,1979-06-21,4,2,2,1,0
26.096619027430314,0.9999999860641045,facility_df,house_df,2466,1549,Babirye,Babirye,4,Naiboka,Naiboka,4,Alaso,,-1,2005-05-18,2005-05-31,3,2,2,1,0
26.09953651081261,0.9999999860922578,facility_df,house_df,2418,2943,Kawala,Kawala,4,Shanita,Shanita,4,Akoni,,-1,1942-01-24,1942-01-17,3,2,2,1,0
26.10090849873549,0.9999999861054777,facility_df,house_df,2344,2893,Ayubu,Ayubu,4,Jesse,Jesse,4,Abenaa,Kobusheshe,0,2017-01-19,2017-02-01,3,1,1,1,0
26.10090849873549,0.9999999861054777,facility_df,house_df,1636,47,Hassan,Hassan,4,Alex,Alex,4,Nyendo,Jogo,0,1994-08-08,1994-08-21,3,1,1,1,0
26.10090849873549,0.9999999861054777,facility_df,house_df,945,47,Hassan,Hassan,4,Alex,Alex,4,Nyendo,Jogo,0,1994-08-08,1994-08-21,3,1,1,1,0
26.10090849873549,0.9999999861054777,facility_df,house_df,68,2130,Fahadi,Fahadi,4,Madrine,Madrine,4,Namuddu,Awori,0,2006-04-17,2006-04-30,3,1,1,1,0
26.101164695438637,0.9999999861079448,facility_df,house_df,2420,1911,Madina,Madina,4,Shifula,Shifula,4,Mamadou,,-1,2020-02-09,2020-02-29,4,2,2,1,0
26.101164695438637,0.9999999861079448,facility_df,house_df,1700,1911,Madina,Madina,4,Shifula,Shifula,4,Mamadou,,-1,2020-02-09,2020-02-29,4,2,2,1,0
26.111796814878225,0.9999999862099478,facility_df,house_df,1108,1573,Kasirye,Kasirye,4,Tenywa,Tenywa,4,Amooti,Mwesige,0,1988-06-01,1988-06-14,3,1,1,1,0
26.111796814878225,0.9999999862099478,facility_df,house_df,760,2109,Mukama,Mukama,4,Ukasha,Ukasha,4,Namara,Mukwaya,0,1955-10-10,1955-10-23,3,1,1,1,0
26.111796814878225,0.9999999862099478,facility_df,house_df,507,3892,Jackline,Jackline,4,Namumbya,Namumbya,4,Chilalo,Mira,0,2012-09-26,2012-09-19,3,2,2,1,0
26.111796814878225,0.9999999862099478,facility_df,house_df,1087,1756,Hadija,Hadija,4,Kaana,Kaana,4,Bugembe,Cira,0,1967-09-12,1967-09-25,3,2,2,1,0
26.129040505122692,0.9999999863737911,facility_df,house_df,584,2841,Hadija,Hadija,4,Azizza,Azizza,4,,,-1,2008-08-30,2008-09-12,3,2,2,1,0
26.133823121208223,0.9999999864188879,facility_df,house_df,2499,696,Alex,Alex,4,James,James,4,Bakibinga,Kobusheshe,0,2009-11-23,2009-11-16,3,1,1,1,0
26.133823121208223,0.9999999864188879,facility_df,house_df,1125,3293,Ndada,Ndada,4,Juma,Juma,4,Kwezi,Gimei,0,1964-04-27,1964-05-10,3,1,1,1,0
26.135451305834252,0.9999999864342065,facility_df,house_df,2856,2005,Sowali,Sowali,4,Ndyanga,Ndyanga,4,Nakato,Amos,0,1967-08-05,1967-08-25,4,1,1,1,0
26.156120039178976,0.9999999866271709,facility_df,house_df,1598,206,Hajara,Hajara,4,Sarah,Sarah,4,,,-1,1956-10-23,1956-10-16,3,2,2,1,0
26.178911010736762,0.9999999868367683,facility_df,house_df,2303,2085,Monica,Monica,4,Mutale,Mutale,4,Nalukenge,Emani,0,2007-06-18,2007-07-01,3,2,2,1,0
26.189922747269716,0.9999999869368575,facility_df,house_df,2134,3314,Nabirye,Nabirye,4,Kasoga,Kasoga,4,Matano,,-1,2025-11-05,2025-11-18,3,2,2,1,0
26.20213145374702,0.999999987046937,facility_df,house_df,2322,1385,Hassan,Hassan,4,,,-1,Nakyejwe,Nakyejwe,4,1983-05-29,1983-06-18,3,1,1,1,0
26.21367642889744,0.9999999871501786,facility_df,house_df,2629,556,Kisambira,Kisambira,4,Kisadha,Kisadha,4,Alinga,Mwesige,0,1998-06-20,1998-07-03,3,1,1,1,0
26.21367642889744,0.9999999871501786,facility_df,house_df,573,2542,Kisambira,Kisambira,4,Odhuba,Odhuba,4,Anyama,Batte,0,1941-01-06,1940-12-26,3,1,1,1,0
26.219809191937255,0.9999999872046861,facility_df,house_df,2546,1281,Shaluwa,Shaluwa,4,Namulondo,Namulondo,4,,,-1,1964-07-23,1964-07-03,4,2,2,1,0
26.23412255118025,0.999999987331004,facility_df,house_df,1711,1229,Zabina,Zabina,4,Shadia,Shadia,4,Ssenga,,-1,1989-03-26,1989-04-08,3,2,2,1,0
26.24930033862816,0.9999999874635889,facility_df,house_df,745,817,Sudaisi,Sudaisi,4,Balidawa,Balidawa,4,Gona,Matovu,0,1991-09-18,1991-10-08,3,1,1,1,0
26.24930033862816,0.9999999874635889,facility_df,house_df,1229,969,Shafique,Shafique,4,Kisuyi,Kisuyi,4,Nakalanzi,Jajja,0,1949-06-01,1949-06-14,3,1,1,1,0
26.24930033862816,0.9999999874635889,facility_df,house_df,1406,75,Abdu,Abdu,4,Babi,Babi,4,Kamya,Isanga,0,1981-11-14,1981-11-27,3,1,1,1,0
26.24930033862816,0.9999999874635889,facility_df,house_df,1996,1691,Shamina,Shamina,4,Bakulimya,Bakulimya,4,Bakamwesiga,Panya,0,2001-09-16,2001-09-29,3,2,2,1,0
26.24930033862816,0.9999999874635889,facility_df,house_df,96,845,Hussein,Hussein,4,Paul,Paul,4,Kassim,Mukembo,0,1974-10-23,1974-10-16,3,1,1,1,0
26.24930033862816,0.9999999874635889,facility_df,house_df,275,969,Shafique,Shafique,4,Kisuyi,Kisuyi,4,Nakalanzi,Jajja,0,1949-06-01,1949-06-14,3,1,1,1,0
26.285826214653273,0.9999999877769992,facility_df,house_df,2435,683,Twaha,Twaha,4,Namusobya,Namusobya,4,Baguma,Rima,0,1932-12-15,1932-12-21,3,2,2,1,0
26.285826214653273,0.9999999877769992,facility_df,house_df,1302,683,Twaha,Twaha,4,Namusobya,Namusobya,4,Baguma,Rima,0,1932-12-15,1932-12-21,3,2,2,1,0
26.285826214653273,0.9999999877769992,facility_df,house_df,323,846,Namususwa,Namususwa,4,Zidha,Zidha,4,Kasumba,Gama,0,2008-10-08,2008-10-21,3,2,2,1,0
26.2874543992793,0.9999999877907859,facility_df,house_df,2574,3773,Hakimu,Hakimu,4,Sowobi,Sowobi,4,Ayugi,Buyinza,0,2003-08-03,2003-08-23,4,1,1,1,0
26.2874543992793,0.9999999877907859,facility_df,house_df,2404,3457,Zubeda,Zubeda,4,Nakirya,Nakirya,4,Nalubega,Ema,0,2012-10-05,2012-10-25,4,2,2,1,0
26.29301624023382,0.9999999878377639,facility_df,house_df,879,2496,Kauma,Kauma,4,Namatende,Namatende,4,,,-1,2016-06-26,2016-07-09,3,2,2,1,0
26.29301624023382,0.9999999878377639,facility_df,house_df,84,3765,Namuwaya,Namuwaya,4,Nambi,Nambi,4,Ayebare,,-1,1953-11-25,1953-12-08,3,2,2,1,0
26.298209939109107,0.9999999878814692,facility_df,house_df,595,3063,Razaka,Razaka,4,Kisambira,Kisambira,4,Awule,Mwesigwa,0,1957-05-16,1957-05-29,3,1,1,1,0
26.310700883292302,0.9999999879859393,facility_df,house_df,488,883,Zaina,Zaina,4,Yawoleire,Yawoleire,4,Kisekka,Ela,0,1982-10-31,1982-11-13,3,2,2,1,0
26.319983287834088,0.9999999880629905,facility_df,house_df,826,2762,Nasiba,Nasiba,4,Mutesi,Mutesi,4,,,-1,1956-10-03,1956-09-26,3,2,2,1,0
26.323300920071937,0.9999999880904094,facility_df,house_df,1611,1967,Iduma,Iduma,4,Nkwanga,Nkwanga,4,Nakalanzi,Kyota,0,1930-03-14,1930-03-27,3,1,1,1,0
26.323300920071937,0.9999999880904094,facility_df,house_df,1995,1080,Ayubu,Ayubu,4,Kafulu,Kafulu,4,Nalubowa,Kiprotich,0,2015-08-08,2015-08-21,3,1,1,1,0
26.340544610316403,0.9999999882319104,facility_df,house_df,1802,3186,Hajara,Hajara,4,Namusubo,Namusubo,4,Byona,,-1,1955-11-19,1955-12-02,3,2,2,1,0
26.348836012179074,0.9999999882993496,facility_df,house_df,1036,1807,Namulero,Namulero,4,Namukose,Namukose,4,Etuku,Dara,0,1968-12-21,1969-01-10,3,2,2,1,0
26.348836012179074,0.9999999882993496,facility_df,house_df,74,1807,Namulero,Namulero,4,Namukose,Namukose,4,Etuku,Dara,0,1968-12-21,1969-01-10,3,2,2,1,0
26.374831220712018,0.9999999885082897,facility_df,house_df,1973,2113,Wahabu,Wahabu,4,Isiko,Isiko,4,Namazzi,Kozel,0,2000-09-01,2000-08-25,3,1,1,1,0
26.374831220712018,0.9999999885082897,facility_df,house_df,754,3004,Sharifa,Sharifa,4,Amina,Amina,4,Apaku,Ora,0,1934-10-23,1934-09-26,3,2,2,1,0
26.374831220712018,0.9999999885082897,facility_df,house_df,2617,695,Humairi,Humairi,4,Ziraba,Ziraba,4,Bakibinga,Jjuko,0,2025-06-30,2025-06-23,3,1,1,1,0
26.398485711668044,0.999999988695172,facility_df,house_df,2630,1641,Kamidha,Kamidha,4,Sarah,Sarah,4,Atuhaire,Achara,0,2027-01-09,2027-01-02,4,2,2,1,0
26.398485711668048,0.999999988695172,facility_df,house_df,2767,2096,Janati,Janati,4,Walusansa,Walusansa,4,Nalukwago,Kala,0,1977-03-08,1977-03-01,4,2,2,1,0
26.398485711668048,0.999999988695172,facility_df,house_df,2796,2184,Namwase,Namwase,4,Salama,Salama,4,Nkwatako,Iba,0,1991-11-22,1991-11-02,4,2,2,1,0
26.398485711668048,0.999999988695172,facility_df,house_df,1140,2184,Namwase,Namwase,4,Salama,Salama,4,Nkwatako,Iba,0,1991-11-22,1991-11-02,4,2,2,1,0
26.398485711668048,0.999999988695172,facility_df,house_df,140,2184,Namwase,Namwase,4,Salama,Salama,4,Nkwatako,Iba,0,1991-11-22,1991-11-02,4,2,2,1,0
26.40130343207321,0.99999998871723,facility_df,house_df,22,2627,Mukama,Mukama,4,Alamazani,Alamazani,4,Cheche,Munyagwa,0,1963-05-20,1963-06-02,3,1,1,1,0
26.40404755262256,0.9999999887386702,facility_df,house_df,126,644,Zaituna,Zaituna,4,Namugaya,Namugaya,4,Atunga,,-1,1982-03-31,1982-04-13,3,2,2,1,0
26.433193898282077,0.9999999889638969,facility_df,house_df,2111,237,Halima,Halima,4,Kakaire,Kakaire,4,,,-1,1958-07-26,1958-08-15,3,2,2,1,0
26.441945416570555,0.9999999890306402,facility_df,house_df,2077,730,Nakinonko,Nakinonko,4,Wotali,Wotali,4,Batende,Leela,0,1955-10-13,1955-11-02,3,2,2,1,0
26.441945416570555,0.9999999890306402,facility_df,house_df,2140,944,Kasim,Kasim,4,Mutale,Mutale,4,Nabirye,Masinde,0,2023-09-17,2023-09-30,3,1,1,1,0
26.441945416570555,0.9999999890306402,facility_df,house_df,2901,1850,Ziriya,Ziriya,4,Kauma,Kauma,4,Kato,Uma,0,1963-11-11,1963-11-04,3,2,2,1,0
26.441945416570555,0.9999999890306402,facility_df,house_df,1310,1850,Ziriya,Ziriya,4,Kauma,Kauma,4,Kato,Uma,0,1963-11-11,1963-11-04,3,2,2,1,0
26.441945416570555,0.9999999890306402,facility_df,house_df,1234,730,Nakinonko,Nakinonko,4,Wotali,Wotali,4,Batende,Leela,0,1955-10-13,1955-11-02,3,2,2,1,0
26.441945416570555,0.9999999890306402,facility_df,house_df,925,2578,Bakali,Bakali,4,Kyeyago,Kyeyago,4,Bachwa,Galabuzi,0,1976-01-08,1976-01-21,3,1,1,1,0
26.441945416570555,0.9999999890306402,facility_df,house_df,2621,707,Naiwumbwe,Naiwumbwe,4,Nakiyuka,Nakiyuka,4,Balinda,Abena,0,2008-01-07,2008-01-20,3,2,2,1,0
26.441945416570558,0.9999999890306402,facility_df,house_df,39,640,Rehema,Rehema,4,Nanghendo,Nanghendo,4,Atito,Bisa,0,1971-01-20,1971-01-05,3,2,2,1,0
26.455751216095585,0.9999999891351103,facility_df,house_df,13,676,Azena,Azena,4,Naula,Naula,4,Babiri,Ima,0,1976-11-01,1976-10-12,3,2,2,1,0
26.457379400721614,0.9999999891473652,facility_df,house_df,335,1615,Labiya,Labiya,4,Namukobe,Namukobe,4,Arinda,Hara,0,1955-07-27,1955-07-07,4,2,2,1,0
26.457379400721614,0.9999999891473652,facility_df,house_df,1702,1980,Hafizu,Hafizu,4,Kakande,Kakande,4,Nakanwagi,Igeme,0,1944-09-30,1944-09-10,4,1,1,1,0
26.457379400721614,0.9999999891473652,facility_df,house_df,752,3311,Byogero,Byogero,4,Birungi,Birungi,4,Mamadou,Bria,0,2011-11-02,2011-11-22,4,2,2,1,0
26.457379400721614,0.9999999891473652,facility_df,house_df,2076,3930,Apeyro,Apeyro,4,Harriet,Harriet,4,Jjaja,Hara,0,1950-01-10,1950-01-30,4,2,2,1,0
26.457379400721614,0.9999999891473652,facility_df,house_df,2768,2121,Robert,Robert,4,Ayubu,Ayubu,4,Nambi,Kanakulya,0,2008-01-10,2008-01-30,4,1,1,1,0
26.457379400721614,0.9999999891473652,facility_df,house_df,329,3930,Apeyro,Apeyro,4,Harriet,Harriet,4,Jjaja,Hara,0,1950-01-10,1950-01-30,4,2,2,1,0
26.459189106815025,0.9999999891609701,facility_df,house_df,1992,1191,Mariam,Mariam,4,Zikula,Zikula,4,Nsereko,,-1,1999-01-19,1999-02-01,3,2,2,1,0
26.459189106815025,0.9999999891609701,facility_df,house_df,2049,593,Babirye,Babirye,4,Annet,Annet,4,Angoma,,-1,1946-09-01,1946-09-14,3,2,2,1,0
26.46294124167613,0.9999999891891235,facility_df,house_df,1351,4111,Sharita,Sharita,4,Nabirye,Nabirye,4,Nakato,,-1,1981-03-05,1981-03-18,3,2,2,1,0
26.47462309096608,0.9999999892763083,facility_df,house_df,2515,3920,Hadija,Hadija,4,Namuzu,Namuzu,4,Iman,,-1,1989-12-02,1989-12-22,4,2,2,1,0
26.47462309096608,0.9999999892763083,facility_df,house_df,2005,3920,Hadija,Hadija,4,Namuzu,Namuzu,4,Iman,,-1,1989-12-02,1989-12-22,4,2,2,1,0
26.47462309096608,0.9999999892763083,facility_df,house_df,1214,3920,Hadija,Hadija,4,Namuzu,Namuzu,4,Iman,,-1,1989-12-02,1989-12-22,4,2,2,1,0
26.483765592265183,0.9999999893440505,facility_df,house_df,1262,688,Alaisa,Alaisa,4,Kisakye,Kisakye,4,Baka,Qira,0,1962-04-23,1962-05-13,3,2,2,1,0
26.483765592265183,0.9999999893440505,facility_df,house_df,2708,2934,Mubaraka,Mubaraka,4,Isabirye,Isabirye,4,Aima,Kyasanku,0,1957-01-18,1957-01-31,3,1,1,1,0
26.483765592265183,0.9999999893440505,facility_df,house_df,524,2934,Mubaraka,Mubaraka,4,Isabirye,Isabirye,4,Aima,Kyasanku,0,1957-01-18,1957-01-31,3,1,1,1,0
26.485661318176213,0.9999999893580434,facility_df,house_df,1911,3901,Bafumba,Bafumba,4,Namaganda,Namaganda,4,Ekwamu,,-1,2007-02-17,2007-03-02,3,2,2,1,0
26.485661318176213,0.9999999893580434,facility_df,house_df,163,3901,Bafumba,Bafumba,4,Namaganda,Namaganda,4,Ekwamu,,-1,2007-02-17,2007-03-02,3,2,2,1,0
26.497156957014045,0.9999999894425033,facility_df,house_df,1327,167,Mutesi,Mutesi,4,Kutamuwa,Kutamuwa,4,Nakanwagi,,-1,2005-03-19,2005-04-01,3,2,2,1,0
26.497156957014045,0.9999999894425033,facility_df,house_df,959,167,Mutesi,Mutesi,4,Kutamuwa,Kutamuwa,4,Nakanwagi,,-1,2005-03-19,2005-04-01,3,2,2,1,0
26.497156957014045,0.9999999894425033,facility_df,house_df,339,524,Mutesi,Mutesi,4,Desire,Desire,4,Agaba,,-1,1999-04-13,1999-05-03,3,2,2,1,0
26.50100928250965,0.9999999894706567,facility_df,house_df,1038,934,Sharon,Sharon,4,Tracy,Tracy,4,Nabbosa,,-1,1985-10-01,1985-10-14,3,2,2,1,0
26.512334744461953,0.9999999895529906,facility_df,house_df,2230,183,Muwaya,Muwaya,4,Nelson,Nelson,4,Nakalango,Kapere,0,1964-11-22,1964-12-05,3,1,1,1,0
26.512334744461953,0.9999999895529906,facility_df,house_df,1633,1989,Alex,Alex,4,Idinda,Idinda,4,Nakato,Mwijukye,0,1967-10-08,1967-10-21,3,1,1,1,0
26.512334744461953,0.9999999895529906,facility_df,house_df,2412,2224,Mukisa,Mukisa,4,Wilson,Wilson,4,Ssali,Mukembo,0,1975-10-07,1975-10-20,3,1,1,1,0
26.512334744461953,0.9999999895529906,facility_df,house_df,2247,2932,Maliki,Maliki,4,Mukisa,Mukisa,4,Agwara,Apolo,0,1936-02-20,1936-02-13,3,1,1,1,0
26.512334744461953,0.9999999895529906,facility_df,house_df,2222,2199,Muwaya,Muwaya,4,Fahad,Fahad,4,Nsibambi,Masiko,0,1936-02-20,1936-03-11,3,1,1,1,0
26.512334744461953,0.9999999895529906,facility_df,house_df,845,2119,Hajira,Hajira,4,Nambogwe,Nambogwe,4,Nambi,Elara,0,1962-08-12,1962-09-01,3,2,2,1,0
26.512334744461953,0.9999999895529906,facility_df,house_df,2262,2954,Nakiranda,Nakiranda,4,Kitawulwa,Kitawulwa,4,Alinda,Lila,0,1954-04-11,1954-03-22,3,2,2,1,0
26.512334744461953,0.9999999895529906,facility_df,house_df,609,1989,Alex,Alex,4,Idinda,Idinda,4,Nakato,Mwijukye,0,1967-10-08,1967-10-21,3,1,1,1,0
26.512334744461953,0.9999999895529906,facility_df,house_df,2135,35,Zabina,Zabina,4,Nakayuza,Nakayuza,4,Ndugga,Halima,0,1980-12-20,1980-11-23,3,2,2,1,0
26.512334744461953,0.9999999895529906,facility_df,house_df,340,2119,Hajira,Hajira,4,Nambogwe,Nambogwe,4,Nambi,Elara,0,1962-08-12,1962-09-01,3,2,2,1,0
26.51942586292411,0.9999999896042137,facility_df,house_df,2144,3495,Mutesi,Mutesi,4,Babirye,Babirye,4,,,-1,1944-07-26,1944-07-26,5,2,2,1,0
26.52466377346568,0.9999999896418886,facility_df,house_df,498,600,Namwebya,Namwebya,4,Patience,Patience,4,Anole,,-1,1969-07-10,1969-07-30,4,2,2,1,0
26.526834314157067,0.9999999896574607,facility_df,house_df,245,933,Booza,Booza,4,Munilu,Munilu,4,Nabbosa,Masiko,0,2007-01-12,2007-01-25,3,1,1,1,0
26.526834314157067,0.9999999896574607,facility_df,house_df,80,3355,Mary,Mary,4,Nantambi,Nantambi,4,Nakalanzi,Azara,0,1988-05-20,1988-06-09,3,2,2,1,0
26.526834314157067,0.9999999896574607,facility_df,house_df,2816,3297,Namukobe,Namukobe,4,Luwazo,Luwazo,4,Leoma,Malinga,0,1992-12-20,1993-01-02,3,1,1,1,0
26.526834314157067,0.9999999896574607,facility_df,house_df,27,933,Booza,Booza,4,Munilu,Munilu,4,Nabbosa,Masiko,0,2007-01-12,2007-01-25,3,1,1,1,0
26.526834314157067,0.9999999896574607,facility_df,house_df,1590,3787,Nankwanga,Nankwanga,4,Baluka,Baluka,4,Baiga,Femi,0,2022-02-05,2022-02-18,3,2,2,1,0
26.54148109012147,0.9999999897619308,facility_df,house_df,1478,3014,Zauja,Zauja,4,Somoko,Somoko,4,Arinawe,Vama,0,1971-04-30,1971-04-23,3,2,2,1,0
26.54148109012147,0.9999999897619308,facility_df,house_df,2587,3015,Rajabu,Rajabu,4,Rayan,Rayan,4,Arinda,Kakooza,0,1958-08-20,1958-09-02,3,1,1,1,0
26.54148109012147,0.9999999897619308,facility_df,house_df,1473,3015,Rajabu,Rajabu,4,Rayan,Rayan,4,Arinda,Kakooza,0,1958-08-20,1958-09-02,3,1,1,1,0
26.54148109012147,0.9999999897619308,facility_df,house_df,2693,3754,Moses,Moses,4,Wantati,Wantati,4,Awiti,Masinde,0,2024-08-27,2024-09-09,3,1,1,1,0
26.54148109012147,0.9999999897619308,facility_df,house_df,1697,3754,Moses,Moses,4,Wantati,Wantati,4,Awiti,Masinde,0,2024-08-27,2024-09-09,3,1,1,1,0
26.57122843351552,0.999999989970871,facility_df,house_df,2840,782,Sudaisi,Sudaisi,4,Isa,Isa,4,Byaruhanga,Mukwaya,0,1934-08-12,1934-08-05,3,1,1,1,0
26.57122843351552,0.999999989970871,facility_df,house_df,2716,700,Isa,Isa,4,Saidi,Saidi,4,Balaki,Kakooza,0,1969-07-19,1969-06-22,3,1,1,1,0
26.57122843351552,0.999999989970871,facility_df,house_df,2721,878,Sowali,Sowali,4,Faizo,Faizo,4,Kirabo,Abbo,0,1988-10-26,1988-11-08,3,1,1,1,0
26.57122843351552,0.999999989970871,facility_df,house_df,2137,996,Sowali,Sowali,4,Edirisa,Edirisa,4,Nakato,Najjemba,0,1985-02-08,1985-02-21,3,1,1,1,0
26.57122843351552,0.999999989970871,facility_df,house_df,2373,3608,Franco,Franco,4,Kaziba,Kaziba,4,Abooki,Idi,0,1956-08-04,1956-08-17,3,1,1,1,0
26.57122843351552,0.999999989970871,facility_df,house_df,2430,3977,Kamadha,Kamadha,4,Kaziba,Kaziba,4,Kirabo,Edoni,0,1959-09-16,1959-08-27,3,1,1,1,0
26.57122843351552,0.999999989970871,facility_df,house_df,490,700,Isa,Isa,4,Saidi,Saidi,4,Balaki,Kakooza,0,1969-07-19,1969-06-22,3,1,1,1,0
26.57122843351552,0.999999989970871,facility_df,house_df,860,991,Faizo,Faizo,4,Bagaaga,Bagaaga,4,Nakato,Jogo,0,1952-12-20,1952-11-23,3,1,1,1,0
26.57622852800524,0.9999999900055698,facility_df,house_df,787,195,Zalika,Zalika,4,Babirye,Babirye,4,Nanyondo,,-1,1989-08-04,1989-08-17,3,2,2,1,0
26.582910282805475,0.9999999900517514,facility_df,house_df,2559,825,Stephen,Stephen,4,Falidi,Falidi,4,Jajja,Karega,0,1988-06-28,1988-06-21,4,1,1,1,0
26.58633532590573,0.9999999900753411,facility_df,house_df,380,2619,Namatende,Namatende,4,Yawoleire,Yawoleire,4,Buyaga,Azara,0,2000-06-20,2000-07-10,3,2,2,1,0
26.603256064350575,0.9999999901910631,facility_df,house_df,409,2607,Nakaziba,Nakaziba,4,Mutesi,Mutesi,4,,,-1,2006-02-11,2006-02-11,5,2,2,1,0
26.604960246548558,0.9999999902026431,facility_df,house_df,2037,2022,Nabirye,Nabirye,4,Tagonzeka,Tagonzeka,4,Nakiganda,,-1,1995-01-13,1995-02-02,3,2,2,1,0
26.61212661471602,0.9999999902511894,facility_df,house_df,517,2382,Jamira,Jamira,4,Shirati,Shirati,4,,,-1,1953-08-03,1953-08-23,4,2,2,1,0
26.630051227511387,0.9999999903715631,facility_df,house_df,2661,2785,Madina,Madina,4,Namukwana,Namukwana,4,,,-1,2022-08-08,2022-08-21,3,2,2,1,0
26.632628978179667,0.9999999903887514,facility_df,house_df,1232,1245,Sauya,Sauya,4,Florence,Florence,4,Wazi,Tasha,0,1938-03-04,1938-02-05,3,2,2,1,0
26.632628978179667,0.9999999903887514,facility_df,house_df,387,1245,Sauya,Sauya,4,Florence,Florence,4,Wazi,Tasha,0,1938-03-04,1938-02-05,3,2,2,1,0
26.648396294037983,0.9999999904932215,facility_df,house_df,246,3231,Saidi,Saidi,4,Ibanda,Ibanda,4,Kabiito,Ibingira,0,1947-10-06,1947-09-09,3,1,1,1,0
26.648396294037983,0.9999999904932215,facility_df,house_df,423,3759,Umaru,Umaru,4,Muwunba,Muwunba,4,Awor,Ekwaro,0,1955-08-02,1955-08-15,3,1,1,1,0
26.65002447866401,0.9999999905039445,facility_df,house_df,1569,1514,Dukain,Dukain,4,Kafuko,Kafuko,4,Achuma,Mugabi,0,2021-10-09,2021-10-02,4,1,1,1,0
26.65002447866401,0.9999999905039445,facility_df,house_df,519,1514,Dukain,Dukain,4,Kafuko,Kafuko,4,Achuma,Mugabi,0,2021-10-09,2021-10-02,4,1,1,1,0
26.664337837907002,0.9999999905976916,facility_df,house_df,1468,1035,Kostant,Kostant,4,Maganda,Maganda,4,Nakyobe,Biraaro,0,2025-01-22,2025-02-04,3,1,1,1,0
26.664337837907002,0.9999999905976916,facility_df,house_df,23,3514,Basalirwa,Basalirwa,4,Waigangala,Waigangala,4,Namazzi,Jose,0,2011-12-07,2011-12-20,3,1,1,1,0
26.664337837907002,0.9999999905976916,facility_df,house_df,104,3380,Byansi,Byansi,4,Edrine,Edrine,4,Nakanwagi,Ibrahim,0,1949-11-05,1949-11-18,3,1,1,1,0
26.664337837907002,0.9999999905976916,facility_df,house_df,973,1163,Shafiki,Shafiki,4,Menya,Menya,4,Nasuna,Kefa,0,2015-08-19,2015-09-01,3,1,1,1,0
26.664337837907002,0.9999999905976916,facility_df,house_df,2024,664,Derick,Derick,4,Walukalala,Walukalala,4,Ayebare,Kyomuhendo,0,1958-08-09,1958-08-22,3,1,1,1,0
26.664337837907002,0.9999999905976916,facility_df,house_df,711,664,Derick,Derick,4,Walukalala,Walukalala,4,Ayebare,Kyomuhendo,0,1958-08-09,1958-08-22,3,1,1,1,0
26.664337837907002,0.9999999905976916,facility_df,house_df,1068,3341,Damali,Damali,4,Nakaima,Nakaima,4,Nabbosa,Femi,0,1935-04-11,1935-05-01,3,2,2,1,0
26.664337837907002,0.9999999905976916,facility_df,house_df,330,2981,Fatina,Fatina,4,Besi,Besi,4,Amulya,Panya,0,1975-03-11,1975-03-24,3,2,2,1,0
26.664337837907002,0.9999999905976916,facility_df,house_df,947,1038,Waiswa,Waiswa,4,Walukalala,Walukalala,4,Nakyobe,Kusiima,0,1937-02-16,1937-03-01,3,1,1,1,0
26.696759315599383,0.9999999908066318,facility_df,house_df,347,1808,Ibra,Ibra,4,Ndada,Ndada,4,Etungu,Esibwe,0,1947-09-10,1947-09-23,3,1,1,1,0
26.696759315599383,0.9999999908066318,facility_df,house_df,1921,3798,Jamada,Jamada,4,Tenywa,Tenywa,4,Bakitara,Muhammed,0,1967-07-07,1967-06-17,3,1,1,1,0
26.696759315599383,0.9999999908066318,facility_df,house_df,1361,2968,Muzafalu,Muzafalu,4,Magala,Magala,4,Amanya,Esibwe,0,1991-02-21,1991-03-06,3,1,1,1,0
26.696759315599383,0.9999999908066318,facility_df,house_df,1265,1817,Namunana,Namunana,4,Kakoose,Kakoose,4,Gona,Vara,0,1994-11-17,1994-12-07,3,2,2,1,0
26.696759315599383,0.9999999908066318,facility_df,house_df,248,1817,Namunana,Namunana,4,Kakoose,Kakoose,4,Gona,Vara,0,1994-11-17,1994-12-07,3,2,2,1,0
26.71251338770336,0.9999999909064762,facility_df,house_df,922,2074,Justine,Justine,4,Kyakuwaire,Kyakuwaire,4,Nalubega,,-1,1943-04-23,1943-05-06,3,2,2,1,0
26.72041380655541,0.9999999909561377,facility_df,house_df,2070,1187,Kaudha,Kaudha,4,Nanangwe,Nanangwe,4,Nsereko,Esa,0,2005-01-07,2005-01-27,4,2,2,1,0
26.725975647509923,0.9999999909909362,facility_df,house_df,2211,3815,Sarah,Sarah,4,Recheal,Recheal,4,Banyanga,,-1,1964-02-05,1964-02-18,3,2,2,1,0
26.725975647509923,0.9999999909909362,facility_df,house_df,1122,3813,Kaudha,Kaudha,4,Kirabira,Kirabira,4,Bangi,,-1,1978-12-11,1978-12-24,3,2,2,1,0
26.725975647509923,0.9999999909909362,facility_df,house_df,482,3815,Sarah,Sarah,4,Recheal,Recheal,4,Banyanga,,-1,1964-02-05,1964-02-18,3,2,2,1,0
26.725975647509927,0.9999999909909362,facility_df,house_df,2551,1012,Sumini,Sumini,4,Kaudha,Kaudha,4,Nakayaga,,-1,1995-03-11,1995-03-04,3,2,2,1,0
26.725975647509927,0.9999999909909362,facility_df,house_df,2550,1012,Sumini,Sumini,4,Kaudha,Kaudha,4,Nakayaga,,-1,1995-03-11,1995-03-04,3,2,2,1,0
26.725975647509927,0.9999999909909362,facility_df,house_df,546,559,Irene,Irene,4,Shamimu,Shamimu,4,Alumo,,-1,1948-07-15,1948-07-28,3,2,2,1,0
26.72992617953458,0.999999991015572,facility_df,house_df,111,1542,Bizowenah,Bizowenah,4,Naiwumbwe,Naiwumbwe,4,Akol,Ria,0,1989-05-24,1989-05-17,3,2,2,1,0
26.72992617953458,0.999999991015572,facility_df,house_df,304,3925,Aishata,Aishata,4,Naiwumbwe,Naiwumbwe,4,Jajja,Hira,0,2020-06-05,2020-06-18,3,2,2,1,0
26.73502078711293,0.9999999910472428,facility_df,house_df,637,1183,Namuganza,Namuganza,4,Nangobi,Nangobi,4,Nkwanzi,,-1,1994-12-15,1994-12-28,3,2,2,1,0
26.74869572401001,0.9999999911317028,facility_df,house_df,1532,2317,Jalira,Jalira,4,Namaganda,Namaganda,4,,,-1,2024-03-23,2024-04-05,3,2,2,1,0
26.74869572401001,0.9999999911317028,facility_df,house_df,1447,1958,Patricia,Patricia,4,Namulondo,Namulondo,4,Nakalanzi,,-1,1947-05-10,1947-05-23,3,2,2,1,0
26.74869572401001,0.9999999911317028,facility_df,house_df,1014,5,Sumaya,Sumaya,4,Swabula,Swabula,4,Kato,,-1,1930-11-30,1930-12-13,3,2,2,1,0
26.76250152353504,0.9999999912161628,facility_df,house_df,929,2245,Night,Night,4,Nakagolo,Nakagolo,4,Wazi,,-1,1983-04-15,1983-05-05,3,2,2,1,0
26.76387351145792,0.9999999912245121,facility_df,house_df,1212,1078,Ibunabasi,Ibunabasi,4,Kakaire,Kakaire,4,Nalubowa,Jjingo,0,2005-06-24,2005-07-07,3,1,1,1,0
26.76387351145792,0.9999999912245121,facility_df,house_df,214,1078,Ibunabasi,Ibunabasi,4,Kakaire,Kakaire,4,Nalubowa,Jjingo,0,2005-06-24,2005-07-07,3,1,1,1,0
26.76387351145792,0.9999999912245121,facility_df,house_df,931,3309,Maido,Maido,4,Namutamba,Namutamba,4,Malaika,Kikomeko,0,1945-10-11,1945-10-24,3,1,1,1,0
26.76387351145792,0.9999999912245121,facility_df,house_df,1342,2624,Shafique,Shafique,4,Muwunba,Muwunba,4,Byenkya,Nagujja,0,1935-11-23,1935-12-06,3,1,1,1,0
26.76387351145792,0.9999999912245121,facility_df,house_df,1367,1801,Hasifa,Hasifa,4,Zuluuta,Zuluuta,4,Ekwamu,Dila,0,1932-08-16,1932-08-29,3,2,2,1,0
26.76387351145792,0.9999999912245121,facility_df,house_df,1160,137,Hasifa,Hasifa,4,Namugabo,Namugabo,4,Nakayiza,Ianda,0,1974-12-12,1974-12-05,3,2,2,1,0
26.781117201702386,0.999999991328776,facility_df,house_df,1650,1342,Nakato,Nakato,4,Namusubo,Namusubo,4,,,-1,1980-02-17,1980-03-01,3,2,2,1,0
26.798638929618594,0.9999999914334523,facility_df,house_df,2154,2156,Kisambira,Kisambira,4,Kiseka,Kiseka,4,Nanyonjo,Mugenzi,0,1970-04-19,1970-05-09,3,1,1,1,0
26.798638929618594,0.9999999914334523,facility_df,house_df,250,554,Namukose,Namukose,4,Nampiina,Nampiina,4,Alinda,Fara,0,2016-06-19,2016-07-09,3,2,2,1,0
26.804771692658413,0.9999999914697907,facility_df,house_df,2878,875,Asiina,Asiina,4,Namukose,Namukose,4,Kikazi,,-1,2025-02-06,2025-02-26,4,2,2,1,0
26.804771692658413,0.9999999914697907,facility_df,house_df,1221,875,Asiina,Asiina,4,Namukose,Namukose,4,Kikazi,,-1,2025-02-06,2025-02-26,4,2,2,1,0
26.804771692658413,0.9999999914697907,facility_df,house_df,360,1065,Kaudha,Kaudha,4,Kauthara,Kauthara,4,Nalubega,,-1,2005-08-06,2005-08-26,4,2,2,1,0
26.816340931352055,0.9999999915379224,facility_df,house_df,369,1812,Sowobi,Sowobi,4,Akisamu,Akisamu,4,Ganda,Kazi,0,2017-04-14,2017-03-25,3,1,1,1,0
26.816340931352055,0.9999999915379224,facility_df,house_df,999,3464,Abubakali,Abubakali,4,Luwazo,Luwazo,4,Nalubega,Katabazi,0,1993-11-07,1993-10-27,3,1,1,1,0
26.82390206819918,0.999999991582156,facility_df,house_df,72,1822,Sauya,Sauya,4,Namusobya,Namusobya,4,Jafari,,-1,2000-10-20,2000-11-02,3,2,2,1,0
26.834262839349318,0.9999999916423925,facility_df,house_df,1881,116,Mwamadi,Mwamadi,4,Shaban,Shaban,4,Nakalema,Mukitale,0,1933-07-17,1933-07-30,3,1,1,1,0
26.834262839349318,0.9999999916423925,facility_df,house_df,2277,1632,Azizi,Azizi,4,Mukisa,Mukisa,4,Atek,Kaliisa,0,1997-12-30,1998-01-19,3,1,1,1,0
26.834262839349318,0.9999999916423925,facility_df,house_df,2425,3776,Amuza,Amuza,4,Lwabaga,Lwabaga,4,Babiri,Gidudu,0,1938-07-14,1938-07-07,3,1,1,1,0
26.834262839349318,0.9999999916423925,facility_df,house_df,1200,3350,Muhamed,Muhamed,4,Mudungu,Mudungu,4,Najjemba,Nakiwala,0,2000-07-25,2000-08-07,3,1,1,1,0
26.834262839349318,0.9999999916423925,facility_df,house_df,2409,3776,Amuza,Amuza,4,Lwabaga,Lwabaga,4,Babiri,Gidudu,0,1938-07-14,1938-07-07,3,1,1,1,0
26.834262839349318,0.9999999916423925,facility_df,house_df,1971,3957,Mulondo,Mulondo,4,Babi,Babi,4,Kazi,Kugonza,0,1970-07-21,1970-08-10,3,1,1,1,0
26.834262839349318,0.9999999916423925,facility_df,house_df,1552,4066,Nandase,Nandase,4,Biryeri,Biryeri,4,Nakalanzi,Chika,0,1971-06-18,1971-07-08,3,2,2,1,0
26.834262839349318,0.9999999916423925,facility_df,house_df,1940,2936,Godfrey,Godfrey,4,Mukama,Mukama,4,Akello,Isanga,0,1970-11-16,1970-11-09,3,1,1,1,0
26.834262839349318,0.9999999916423925,facility_df,house_df,1682,1112,Kaziba,Kaziba,4,Ediruma,Ediruma,4,Namazzi,Lubega,0,2009-08-19,2009-09-01,3,1,1,1,0
26.834262839349318,0.9999999916423925,facility_df,house_df,1445,4095,Sarah,Sarah,4,Rihana,Rihana,4,Nakato,Asha,0,2003-04-07,2003-03-31,3,2,2,1,0
26.87078871537443,0.9999999918513327,facility_df,house_df,2299,3839,Hailat,Hailat,4,Juliet,Juliet,4,Bazei,Vara,0,1981-05-31,1981-05-24,3,2,2,1,0
26.87078871537443,0.9999999918513327,facility_df,house_df,2245,3839,Hailat,Hailat,4,Juliet,Juliet,4,Bazei,Vara,0,1981-05-31,1981-05-24,3,2,2,1,0
26.87241690000046,0.9999999918605239,facility_df,house_df,1100,3152,Sauba,Sauba,4,Gift,Gift,4,Biyinzika,Malaika,0,2000-04-09,2000-04-02,4,2,2,1,0
26.87241690000046,0.9999999918605239,facility_df,house_df,1097,3152,Sauba,Sauba,4,Gift,Gift,4,Biyinzika,Malaika,0,2000-04-09,2000-04-02,4,2,2,1,0
26.87241690000046,0.9999999918605239,facility_df,house_df,1438,2536,Jalia,Jalia,4,Rwabaga,Rwabaga,4,Anaka,Femi,0,2024-03-06,2024-03-26,4,2,2,1,0
26.87877227410219,0.9999999918963011,facility_df,house_df,1625,1435,Rukiya,Rukiya,4,Hadija,Hadija,4,,,-1,1989-12-19,1989-12-12,4,2,2,1,0
26.882996815721597,0.9999999919199959,facility_df,house_df,1792,3069,Namukose,Namukose,4,Nakiyemba,Nakiyemba,4,Ayigi,,-1,1956-11-07,1956-11-20,3,2,2,1,0
26.882996815721597,0.9999999919199959,facility_df,house_df,542,3069,Namukose,Namukose,4,Nakiyemba,Nakiyemba,4,Ayigi,,-1,1956-11-07,1956-11-20,3,2,2,1,0
26.889404393541778,0.9999999919558028,facility_df,house_df,1889,711,Samuel,Samuel,4,Charles,Charles,4,Bandi,Abbo,0,1933-01-10,1933-01-03,3,1,1,1,0
26.889404393541778,0.9999999919558028,facility_df,house_df,2301,1210,Badru,Badru,4,Munilu,Munilu,4,Nyendo,Kyeyune,0,1947-06-29,1947-07-19,3,1,1,1,0
26.889404393541778,0.9999999919558028,facility_df,house_df,878,711,Samuel,Samuel,4,Charles,Charles,4,Bandi,Abbo,0,1933-01-10,1933-01-03,3,1,1,1,0
26.889404393541778,0.9999999919558028,facility_df,house_df,1853,1210,Badru,Badru,4,Munilu,Munilu,4,Nyendo,Kyeyune,0,1947-06-29,1947-07-19,3,1,1,1,0
26.889404393541778,0.9999999919558028,facility_df,house_df,1426,1210,Badru,Badru,4,Munilu,Munilu,4,Nyendo,Kyeyune,0,1947-06-29,1947-07-19,3,1,1,1,0
26.889404393541778,0.9999999919558028,facility_df,house_df,1283,1204,Mulawa,Mulawa,4,Ivan,Ivan,4,Ntambi,Kabuye,0,2007-06-26,2007-06-19,3,1,1,1,0
26.889404393541778,0.9999999919558028,facility_df,house_df,375,1204,Mulawa,Mulawa,4,Ivan,Ivan,4,Ntambi,Kabuye,0,2007-06-26,2007-06-19,3,1,1,1,0
26.889660590244926,0.9999999919572312,facility_df,house_df,2177,2944,Bitaminsi,Bitaminsi,4,Namusubo,Namusubo,4,Akuku,,-1,1959-10-27,1959-10-20,4,2,2,1,0
26.889660590244926,0.9999999919572312,facility_df,house_df,1735,2944,Bitaminsi,Bitaminsi,4,Namusubo,Namusubo,4,Akuku,,-1,1959-10-27,1959-10-20,4,2,2,1,0
26.908263420793094,0.9999999920602729,facility_df,house_df,2564,4051,Tape,Tape,4,Shamira,Shamira,4,Nakakande,Rila,0,1934-03-26,1934-02-27,3,2,2,1,0
26.908263420793094,0.9999999920602729,facility_df,house_df,281,4051,Tape,Tape,4,Shamira,Shamira,4,Nakakande,Rila,0,1934-03-26,1934-02-27,3,2,2,1,0
26.913058884497804,0.9999999920866204,facility_df,house_df,2498,3390,Wasike,Wasike,4,Balilaine,Balilaine,4,Nakato,Mayanja,0,1961-09-09,1961-09-29,4,1,1,1,0
26.9273722437408,0.999999992164743,facility_df,house_df,1891,1041,Hussein,Hussein,4,Issa,Issa,4,Nakyobe,Kiprotich,0,1973-11-15,1973-11-28,3,1,1,1,0
26.9273722437408,0.999999992164743,facility_df,house_df,1949,3058,Federesi,Federesi,4,Lydia,Lydia,4,Awono,Sela,0,1988-07-11,1988-07-24,3,2,2,1,0
26.9273722437408,0.999999992164743,facility_df,house_df,961,11,Babigumira,Babigumira,4,Sarah,Sarah,4,Kiira,Vara,0,1994-09-03,1994-08-27,3,2,2,1,0
26.9273722437408,0.999999992164743,facility_df,house_df,2852,3519,Muwaya,Muwaya,4,Isiiko,Isiiko,4,Nambi,Lwanga,0,1968-04-21,1968-05-04,3,1,1,1,0
26.9273722437408,0.999999992164743,facility_df,house_df,624,824,Muwaya,Muwaya,4,Binasali,Binasali,4,Jajja,Kalungi,0,1964-06-18,1964-07-01,3,1,1,1,0
26.9273722437408,0.999999992164743,facility_df,house_df,1208,3922,Nasabu,Nasabu,4,Mpudha,Mpudha,4,Jafari,Jina,0,1965-03-19,1965-04-01,3,2,2,1,0
26.9273722437408,0.999999992164743,facility_df,house_df,2104,2915,Joy,Joy,4,Safina,Safina,4,Adabu,Tara,0,1937-05-29,1937-06-11,3,2,2,1,0
26.92896266967378,0.9999999921733758,facility_df,house_df,1935,2838,Sumaiya,Sumaiya,4,Naigaga,Naigaga,4,,,-1,1972-05-20,1972-05-13,3,2,2,1,0
26.92896266967378,0.9999999921733758,facility_df,house_df,1703,3328,Salimanti,Salimanti,4,Naigaga,Naigaga,4,Nabbosa,,-1,2001-08-15,2001-08-28,3,2,2,1,0
26.944615933985265,0.9999999922578358,facility_df,house_df,2437,1700,Viola,Viola,4,Sarah,Sarah,4,Balaki,,-1,1934-06-24,1934-07-07,3,2,2,1,0
26.944615933985265,0.9999999922578358,facility_df,house_df,403,3424,Namukobe,Namukobe,4,Lydia,Lydia,4,Nakimuli,,-1,1978-10-15,1978-10-28,3,2,2,1,0
26.952342425115013,0.9999999922991889,facility_df,house_df,2897,223,Swabiru,Swabiru,4,Aluvin,Aluvin,4,Najjuma,Najjuma,4,2014-05-19,2013-02-03,2,1,1,1,0
26.956774786103463,0.9999999923228116,facility_df,house_df,661,3232,Lukia,Lukia,4,Wolira,Wolira,4,Kafeero,,-1,1963-11-05,1963-11-25,4,2,2,1,0
26.986265932794367,0.9999999924781533,facility_df,house_df,1706,667,Kalimu,Kalimu,4,Mukyaye,Mukyaye,4,Ayebo,Baguma,0,2004-01-24,2004-02-13,3,1,1,1,0
26.986265932794367,0.9999999924781533,facility_df,house_df,1665,1675,Yona,Yona,4,Maganda,Maganda,4,Ayugi,Mwesige,0,1956-11-07,1956-10-31,3,1,1,1,0
26.986265932794367,0.9999999924781533,facility_df,house_df,2006,1088,Zubeda,Zubeda,4,Alamina,Alamina,4,Nalukenge,Akina,0,2022-11-24,2022-12-07,3,2,2,1,0
26.986265932794367,0.9999999924781533,facility_df,house_df,240,1675,Yona,Yona,4,Maganda,Maganda,4,Ayugi,Mwesige,0,1956-11-07,1956-10-31,3,1,1,1,0
26.986265932794367,0.9999999924781533,facility_df,house_df,167,667,Kalimu,Kalimu,4,Mukyaye,Mukyaye,4,Ayebo,Baguma,0,2004-01-24,2004-02-13,3,1,1,1,0
26.986265932794367,0.9999999924781533,facility_df,house_df,2535,705,Talugende,Talugende,4,Ngobi,Ngobi,4,Balimwezo,Eriaku,0,1956-10-18,1956-11-07,3,1,1,1,0
26.986265932794367,0.9999999924781533,facility_df,house_df,668,3806,Mutwalibi,Mutwalibi,4,Aluvin,Aluvin,4,Balimwezo,Ikwaput,0,1950-07-10,1950-07-23,3,1,1,1,0
26.986265932794367,0.9999999924781533,facility_df,house_df,2124,3287,Mawazi,Mawazi,4,Akiramu,Akiramu,4,Kiwanuka,Ijaga,0,1964-11-18,1964-12-08,3,1,1,1,0
26.986265932794367,0.9999999924781533,facility_df,house_df,1888,1750,Lydia,Lydia,4,Tikabula,Tikabula,4,Biyago,Danda,0,1967-09-10,1967-09-23,3,2,2,1,0
26.986265932794367,0.9999999924781533,facility_df,house_df,1103,2535,Ivan,Ivan,4,Ali,Ali,4,Amuto,Kajubi,0,2012-05-02,2012-05-15,3,1,1,1,0
26.986265932794367,0.9999999924781533,facility_df,house_df,1680,1750,Lydia,Lydia,4,Tikabula,Tikabula,4,Biyago,Danda,0,1967-09-10,1967-09-23,3,2,2,1,0
26.986265932794367,0.9999999924781533,facility_df,house_df,2185,2958,Waiswa,Waiswa,4,Bright,Bright,4,Alitu,Kyosiima,0,2020-02-06,2020-02-19,3,1,1,1,0
26.986265932794367,0.9999999924781533,facility_df,house_df,1064,2535,Ivan,Ivan,4,Ali,Ali,4,Amuto,Kajubi,0,2012-05-02,2012-05-15,3,1,1,1,0
26.987207810709734,0.9999999924830624,facility_df,house_df,1715,378,Kamudyu,Kamudyu,4,Nakaziba,Nakaziba,4,,,-1,1999-12-01,1999-12-14,3,2,2,1,0
27.003509623038834,0.9999999925675224,facility_df,house_df,2146,945,Hadija,Hadija,4,Hanifa,Hanifa,4,Nabirye,,-1,1993-02-18,1993-03-10,3,2,2,1,0
27.026907917291712,0.9999999926870935,facility_df,house_df,1567,1563,Angella,Angella,4,Aisha,Aisha,4,Amaliza,Wira,0,1971-06-19,1971-05-28,3,2,2,1,0
27.026907917291712,0.9999999926870935,facility_df,house_df,2249,1773,Siragi,Siragi,4,Balilaine,Balilaine,4,Buyungo,Afa,0,1930-08-10,1930-08-23,3,1,1,1,0
27.026907917291712,0.9999999926870935,facility_df,house_df,1737,629,Muzamiru,Muzamiru,4,Revis,Revis,4,Aswani,Kakooza,0,1953-12-04,1953-12-17,3,1,1,1,0
27.026907917291712,0.9999999926870935,facility_df,house_df,1602,629,Muzamiru,Muzamiru,4,Revis,Revis,4,Aswani,Kakooza,0,1953-12-04,1953-12-17,3,1,1,1,0
27.026907917291712,0.9999999926870935,facility_df,house_df,2487,3456,Patrick,Patrick,4,Akisam,Akisam,4,Nalubega,Awori,0,1983-08-19,1983-09-08,3,1,1,1,0
27.026907917291712,0.9999999926870935,facility_df,house_df,1899,4009,Derrick,Derrick,4,Juma,Juma,4,Malaika,Kyakonye,0,1983-01-22,1983-02-04,3,1,1,1,0
27.026907917291712,0.9999999926870935,facility_df,house_df,2329,3456,Patrick,Patrick,4,Akisam,Akisam,4,Nalubega,Awori,0,1983-08-19,1983-09-08,3,1,1,1,0
27.026907917291712,0.9999999926870935,facility_df,house_df,410,899,Faisi,Faisi,4,Salama,Salama,4,Lulala,Hama,0,2021-01-23,2020-12-27,3,2,2,1,0
27.026907917291712,0.9999999926870935,facility_df,house_df,2395,3228,Naiwumbwe,Naiwumbwe,4,Hellen,Hellen,4,Jingo,Zara,0,1942-06-28,1942-07-11,3,2,2,1,0
27.026907917291712,0.9999999926870935,facility_df,house_df,50,1841,Magoola,Magoola,4,Muzafaru,Muzafaru,4,Kanyike,Lwanga,0,2017-05-31,2017-05-24,3,1,1,1,0
27.031095454710734,0.999999992708289,facility_df,house_df,1719,1947,Florence,Florence,4,Kawala,Kawala,4,Nagawa,,-1,1945-01-03,1945-01-16,3,2,2,1,0
27.031095454710734,0.999999992708289,facility_df,house_df,499,1947,Florence,Florence,4,Kawala,Kawala,4,Nagawa,,-1,1945-01-03,1945-01-16,3,2,2,1,0
27.04234190144277,0.9999999927649101,facility_df,house_df,2876,3504,Najuwa,Najuwa,4,Biyinzika,Biyinzika,4,Namaganda,Lyra,0,2022-02-03,2022-02-23,4,2,2,1,0
27.04234190144277,0.9999999927649101,facility_df,house_df,1337,637,Yahaya,Yahaya,4,Ali,Ali,4,Atiko,Jokkene,0,1949-11-18,1949-10-18,4,1,1,1,0
27.051878098665927,0.9999999928125762,facility_df,house_df,10,277,Mulondo,Mulondo,4,Kaziba,Kaziba,4,Anko,Anko,4,1976-11-11,1975-07-28,2,1,1,1,0
27.05355030553843,0.9999999928209022,facility_df,house_df,2578,2260,Nasabu,Nasabu,4,Tracy,Tracy,4,,,-1,1974-06-04,1974-06-17,3,2,2,1,0
27.07062381889737,0.9999999929053622,facility_df,house_df,1942,512,Joanita,Joanita,4,Namaganda,Namaganda,4,Achola,,-1,1945-10-05,1945-09-28,3,2,2,1,0
27.07062381889737,0.9999999929053622,facility_df,house_df,2268,3596,Mwajabu,Mwajabu,4,Namaganda,Namaganda,4,Nsibambi,,-1,1957-01-03,1957-01-16,3,2,2,1,0
27.07062381889737,0.9999999929053622,facility_df,house_df,1422,3596,Mwajabu,Mwajabu,4,Namaganda,Namaganda,4,Nsibambi,,-1,1957-01-03,1957-01-16,3,2,2,1,0
27.09953651081261,0.9999999930461289,facility_df,house_df,1535,2606,Margret,Margret,4,Shamira,Shamira,4,Bino,,-1,1944-08-05,1944-08-18,3,2,2,1,0
27.09953651081261,0.9999999930461289,facility_df,house_df,1093,2606,Margret,Margret,4,Shamira,Shamira,4,Bino,,-1,1944-08-05,1944-08-18,3,2,2,1,0
27.111796814878225,0.9999999931049738,facility_df,house_df,2026,823,Edith,Edith,4,Azizza,Azizza,4,Jaja,Ora,0,1988-06-23,1988-07-06,3,2,2,1,0
27.111796814878225,0.9999999931049738,facility_df,house_df,457,1970,Kaliku,Kaliku,4,Mutaka,Mutaka,4,Nakalanzi,Kakooza,0,1938-07-24,1938-08-06,3,1,1,1,0
27.111796814878225,0.9999999931049738,facility_df,house_df,1421,2007,Ronald,Ronald,4,Brian,Brian,4,Nakato,Mwesigye,0,1994-10-22,1994-11-04,3,1,1,1,0
27.111796814878225,0.9999999931049738,facility_df,house_df,83,1970,Kaliku,Kaliku,4,Mutaka,Mutaka,4,Nakalanzi,Kakooza,0,1938-07-24,1938-08-06,3,1,1,1,0
27.111796814878225,0.9999999931049738,facility_df,house_df,2824,2518,Viora,Viora,4,Nakanda,Nakanda,4,Akuku,Vira,0,1980-11-18,1980-12-01,3,2,2,1,0
27.111796814878225,0.9999999931049738,facility_df,house_df,1339,3780,Namudope,Namudope,4,Sumaya,Sumaya,4,Bachwa,Rira,0,1983-12-01,1983-12-14,3,2,2,1,0
27.111796814878225,0.9999999931049738,facility_df,house_df,2788,4058,Namayanja,Namayanja,4,Nakisuyi,Nakisuyi,4,Nakalanzi,Rila,0,1960-11-04,1960-11-17,3,2,2,1,0
27.111796814878225,0.9999999931049738,facility_df,house_df,1556,2518,Viora,Viora,4,Nakanda,Nakanda,4,Akuku,Vira,0,1980-11-18,1980-12-01,3,2,2,1,0
27.111796814878225,0.9999999931049738,facility_df,house_df,816,3398,Kimumwe,Kimumwe,4,Dauson,Dauson,4,Nakato,Kusiima,0,2012-05-14,2012-06-03,3,1,1,1,0
27.111796814878225,0.9999999931049738,facility_df,house_df,1323,3935,Safiya,Safiya,4,Azizza,Azizza,4,Kagimu,Vida,0,2004-03-13,2004-03-26,3,2,2,1,0
27.111796814878225,0.9999999931049738,facility_df,house_df,853,1854,Sharon,Sharon,4,Baitawo,Baitawo,4,Kato,Laila,0,1939-04-13,1939-04-26,3,2,2,1,0
27.12567709900302,0.9999999931709933,facility_df,house_df,1603,45,Babirye,Babirye,4,Mutesi,Mutesi,4,,,-1,1949-07-18,1949-07-18,5,2,2,1,0
27.133823121208223,0.9999999932094439,facility_df,house_df,2706,1771,Saidi,Saidi,4,Bateganya,Bateganya,4,Buyaga,Magyezi,0,1992-01-16,1992-01-29,3,1,1,1,0
27.133823121208223,0.9999999932094439,facility_df,house_df,2148,2610,Siraji,Siraji,4,Mutono,Mutono,4,Biyinzika,Nalubega,0,1997-05-17,1997-05-30,3,1,1,1,0
27.133823121208223,0.9999999932094439,facility_df,house_df,1511,3994,Ndada,Ndada,4,Abdulukani,Abdulukani,4,Kyanjo,Mukwaya,0,1945-08-06,1945-08-19,3,1,1,1,0
27.135451305834252,0.9999999932171032,facility_df,house_df,2539,1571,Nasabu,Nasabu,4,Nabira,Nabira,4,Amola,Oma,0,1950-11-25,1950-11-05,4,2,2,1,0
27.135451305834252,0.9999999932171032,facility_df,house_df,1707,810,Nakazibwe,Nakazibwe,4,Ntiire,Ntiire,4,Galiwango,Ora,0,1931-07-19,1931-07-12,4,2,2,1,0
27.135451305834252,0.9999999932171032,facility_df,house_df,1817,3300,Yenusu,Yenusu,4,Ndibogeza,Ndibogeza,4,Lule,Munyagwa,0,2015-07-08,2015-07-01,4,1,1,1,0
27.135451305834252,0.9999999932171032,facility_df,house_df,1651,3618,Namulinda,Namulinda,4,Gift,Gift,4,Adong,Ima,0,1970-09-03,1970-09-23,4,2,2,1,0
27.14101314678877,0.9999999932432021,facility_df,house_df,1500,3546,Kagoya,Kagoya,4,Naswiba,Naswiba,4,Nanteza,,-1,1935-11-29,1935-12-12,3,2,2,1,0
27.15619093423668,0.999999993313914,facility_df,house_df,2156,964,Rawaha,Rawaha,4,Kigenyi,Kigenyi,4,Nakalanzi,Masolo,0,2015-01-28,2015-02-10,3,1,1,1,0
27.15619093423668,0.999999993313914,facility_df,house_df,2902,1231,Faizo,Faizo,4,Buyinza,Buyinza,4,Ssenyonjo,Kabugo,0,1956-06-09,1956-06-22,3,1,1,1,0
27.15619093423668,0.999999993313914,facility_df,house_df,992,1553,Alamanzan,Alamanzan,4,Amuza,Amuza,4,Alimu,Mayanja,0,1985-11-19,1985-12-09,3,1,1,1,0
27.15619093423668,0.999999993313914,facility_df,house_df,1725,964,Rawaha,Rawaha,4,Kigenyi,Kigenyi,4,Nakalanzi,Masolo,0,2015-01-28,2015-02-10,3,1,1,1,0
27.15619093423668,0.999999993313914,facility_df,house_df,172,3166,Hindu,Hindu,4,Kirabira,Kirabira,4,Bulo,Fanda,0,1988-02-21,1988-03-05,3,2,2,1,0
27.15619093423668,0.999999993313914,facility_df,house_df,908,607,Muzito,Muzito,4,Muwaya,Muwaya,4,Apolo,Awori,0,1992-06-25,1992-07-08,3,1,1,1,0
27.15619093423668,0.999999993313914,facility_df,house_df,2823,2894,Namulondo,Namulondo,4,Nantenza,Nantenza,4,Abiram,Mira,0,2009-03-21,2009-03-10,3,2,2,1,0
27.15619093423668,0.999999993313914,facility_df,house_df,132,1783,Faizo,Faizo,4,Jafali,Jafali,4,Byaruhanga,Kamoga,0,1964-09-24,1964-10-07,3,1,1,1,0
27.15619093423668,0.999999993313914,facility_df,house_df,1136,1231,Faizo,Faizo,4,Buyinza,Buyinza,4,Ssenyonjo,Kabugo,0,1956-06-09,1956-06-22,3,1,1,1,0
27.177319886099117,0.9999999934111213,facility_df,house_df,291,1695,Mutesi,Mutesi,4,Kagoya,Kagoya,4,,,-1,1974-01-28,1974-01-28,5,2,2,1,0
27.178911010736762,0.9999999934183841,facility_df,house_df,1335,753,Safina,Safina,4,Biribawa,Biribawa,4,Biyinzika,Vara,0,1966-05-03,1966-06-05,3,2,2,1,0
27.178911010736762,0.9999999934183841,facility_df,house_df,1313,3303,Nambi,Nambi,4,Aisa,Aisa,4,Lupita,Sama,0,1939-04-28,1939-05-11,3,2,2,1,0
27.178911010736762,0.9999999934183841,facility_df,house_df,2365,2589,Aminsi,Aminsi,4,Alex,Alex,4,Balimwezo,Katabazi,0,1974-12-02,1974-12-15,3,1,1,1,0
27.178911010736762,0.9999999934183841,facility_df,house_df,1847,3410,Mawazi,Mawazi,4,Byakika,Byakika,4,Nakato,Elangat,0,1936-11-26,1936-12-09,3,1,1,1,0
27.19615470098123,0.9999999934965821,facility_df,house_df,2259,3576,Mariam,Mariam,4,Akiki,Akiki,4,Nkumba,,-1,2017-11-11,2017-10-22,3,2,2,1,0
27.19615470098123,0.9999999934965821,facility_df,house_df,2243,798,Mariam,Mariam,4,Byangira,Byangira,4,Echodu,,-1,1996-11-14,1996-11-07,3,2,2,1,0
27.19615470098123,0.9999999934965821,facility_df,house_df,1034,798,Mariam,Mariam,4,Byangira,Byangira,4,Echodu,,-1,1996-11-14,1996-11-07,3,2,2,1,0
27.200913020528485,0.9999999935179964,facility_df,house_df,1057,908,Sowali,Sowali,4,Isiko,Isiko,4,Malaika,Male,1,2015-02-27,2015-03-12,3,1,1,1,0
27.215013728232545,0.999999993581042,facility_df,house_df,2355,1339,Sylivia,Sylivia,4,Shanita,Shanita,4,,,-1,1979-10-26,1979-11-08,3,2,2,1,0
27.2277247799821,0.9999999936373487,facility_df,house_df,2160,3127,Naigaga,Naigaga,4,Nandawa,Nandawa,4,Basigye,,-1,1996-10-20,1996-11-02,3,2,2,1,0
27.2277247799821,0.9999999936373487,facility_df,house_df,384,3315,Naigaga,Naigaga,4,Tegulwa,Tegulwa,4,Mazuri,,-1,1996-05-31,1996-06-13,3,2,2,1,0
27.230613975505122,0.999999993650078,facility_df,house_df,181,85,Namususwa,Namususwa,4,Naigaga,Naigaga,4,,,-1,2025-02-21,2025-02-21,5,2,2,1,0
27.23412255118025,0.999999993665502,facility_df,house_df,2251,3634,Damali,Damali,4,Safina,Safina,4,Aima,,-1,1996-06-10,1996-06-23,3,2,2,1,0
27.23412255118025,0.999999993665502,facility_df,house_df,1846,3634,Damali,Damali,4,Safina,Safina,4,Aima,,-1,1996-06-10,1996-06-23,3,2,2,1,0
27.23412255118025,0.999999993665502,facility_df,house_df,964,3634,Damali,Damali,4,Safina,Safina,4,Aima,,-1,1996-06-10,1996-06-23,3,2,2,1,0
27.234986979385166,0.9999999936692964,facility_df,house_df,2624,904,Kabaseke,Kabaseke,4,Wahabu,Wahabu,4,Lwaki,Kiiza,0,1952-05-05,1952-05-25,4,1,1,1,0
27.234986979385166,0.9999999936692964,facility_df,house_df,2413,4070,Banda,Banda,4,Wantati,Wantati,4,Nakalanzi,Igeme,0,1990-09-05,1990-09-25,4,1,1,1,0
27.234986979385166,0.9999999936692964,facility_df,house_df,2843,57,Moses,Moses,4,Jackson,Jackson,4,Kassim,Ikwaput,0,1939-08-17,1939-08-10,4,1,1,1,0
27.240548820339683,0.9999999936936553,facility_df,house_df,2863,3021,Robinah,Robinah,4,Margret,Margret,4,Asega,,-1,1997-08-15,1997-09-04,3,2,2,1,0
27.240548820339683,0.9999999936936553,facility_df,house_df,227,1063,Edinansi,Edinansi,4,Nakiranda,Nakiranda,4,Nalubega,,-1,1970-03-15,1970-03-28,3,2,2,1,0
27.240548820339683,0.9999999936936553,facility_df,house_df,1576,3781,Robinah,Robinah,4,Kirabira,Kirabira,4,Bagaya,,-1,1961-08-02,1961-08-15,3,2,2,1,0
27.240548820339683,0.9999999936936553,facility_df,house_df,1329,3021,Robinah,Robinah,4,Margret,Margret,4,Asega,,-1,1997-08-15,1997-09-04,3,2,2,1,0
27.244523176608322,0.9999999937110042,facility_df,house_df,449,251,Namugere,Namugere,4,Nakimbugwe,Nakimbugwe,4,Chuma,Chuma,4,1984-05-10,1983-02-08,2,2,2,1,0
27.244523176608322,0.9999999937110042,facility_df,house_df,213,251,Namugere,Namugere,4,Nakimbugwe,Nakimbugwe,4,Chuma,Chuma,4,1984-05-10,1983-02-08,2,2,2,1,0
27.24930033862816,0.9999999937317944,facility_df,house_df,316,1149,Ahamada,Ahamada,4,Kirunda,Kirunda,4,Nanteza,Hassan,0,1990-03-24,1990-04-06,3,1,1,1,0
27.24930033862816,0.9999999937317944,facility_df,house_df,1536,38,Kidodo,Kidodo,4,Tulina,Tulina,4,Nalukwago,Mugasha,0,2003-07-09,2003-07-22,3,1,1,1,0
27.24930033862816,0.9999999937317944,facility_df,house_df,2254,63,Fatina,Fatina,4,Jeiles,Jeiles,4,Namubiru,Maia,0,2020-09-10,2020-09-23,3,2,2,1,0
27.24930033862816,0.9999999937317944,facility_df,house_df,321,154,Shafiki,Shafiki,4,Kasozi,Kasozi,4,Namara,Mukitale,0,2024-10-04,2024-10-17,3,1,1,1,0
27.24930033862816,0.9999999937317944,facility_df,house_df,15,3370,Bakali,Bakali,4,Patrick,Patrick,4,Nakalanzi,Najjemba,0,1956-01-02,1955-12-26,3,1,1,1,0
27.24930033862816,0.9999999937317944,facility_df,house_df,2219,3216,Kaudha,Kaudha,4,Namuganza,Namuganza,4,Ggome,Lira,0,1958-09-16,1958-09-29,3,2,2,1,0
27.298209939109107,0.9999999939407346,facility_df,house_df,2579,3531,Nakidodo,Nakidodo,4,Florende,Florende,4,Namuddu,Ianda,0,2004-11-20,2004-12-03,3,2,2,1,0
27.299710892807827,0.9999999939470352,facility_df,house_df,2345,1104,Monic,Monic,4,Naiwumbwe,Naiwumbwe,4,Namaganda,,-1,1988-12-27,1989-01-09,3,2,2,1,0
27.31319412217145,0.9999999940033419,facility_df,house_df,1099,1921,Nakirya,Nakirya,4,Babirye,Babirye,4,Nabbosa,,-1,2005-03-06,2005-03-19,3,2,2,1,0
27.319983287834088,0.9999999940314952,facility_df,house_df,1287,874,Akini,Akini,4,Mutesi,Mutesi,4,Kikazi,,-1,1990-03-27,1990-04-09,3,2,2,1,0
27.333658224731163,0.9999999940878018,facility_df,house_df,2577,1646,Fatina,Fatina,4,Kamega,Kamega,4,Awach,,-1,2003-05-29,2003-05-02,3,2,2,1,0
27.348836012179074,0.9999999941496748,facility_df,house_df,2818,1023,Christopher,Christopher,4,Edirisa,Edirisa,4,Nakimuli,Kyasanku,0,2024-08-21,2024-08-14,3,1,1,1,0
27.348836012179074,0.9999999941496748,facility_df,house_df,469,1677,Bumali,Bumali,4,Akiramu,Akiramu,4,Babirye,Jjingo,0,1960-01-22,1960-02-04,3,1,1,1,0
27.348836012179074,0.9999999941496748,facility_df,house_df,1333,682,Magumba,Magumba,4,Musazi,Musazi,4,Baguma,Esibwe,0,2023-01-17,2023-01-30,3,1,1,1,0
27.348836012179074,0.9999999941496748,facility_df,house_df,2340,2526,Doreen,Doreen,4,Kakaire,Kakaire,4,Aluta,Buyinza,0,1980-05-19,1980-06-08,3,1,1,1,0
27.348836012179074,0.9999999941496748,facility_df,house_df,2887,3197,George,George,4,Wahabu,Wahabu,4,Ebyo,Najjuma,0,1985-10-13,1985-11-02,3,1,1,1,0
27.348836012179074,0.9999999941496748,facility_df,house_df,1550,4085,Falique,Falique,4,Kakaire,Kakaire,4,Nakato,Mugenzi,0,1996-10-20,1996-11-02,3,1,1,1,0
27.348836012179074,0.9999999941496748,facility_df,house_df,1204,2214,Amulasi,Amulasi,4,Nakasolo,Nakasolo,4,Oduku,Xara,0,1970-11-03,1970-10-23,3,2,2,1,0
27.348836012179074,0.9999999941496748,facility_df,house_df,866,1037,Josephine,Josephine,4,Bweguyibwa,Bweguyibwa,4,Nakyobe,Pira,0,1940-04-08,1940-04-21,3,2,2,1,0
27.348836012179074,0.9999999941496748,facility_df,house_df,252,1023,Christopher,Christopher,4,Edirisa,Edirisa,4,Nakimuli,Kyasanku,0,2024-08-21,2024-08-14,3,1,1,1,0
27.348836012179074,0.9999999941496748,facility_df,house_df,2235,2588,Moses,Moses,4,Mugulusi,Mugulusi,4,Balikuwa,Barasa,0,1969-11-05,1969-11-18,3,1,1,1,0
27.348836012179074,0.9999999941496748,facility_df,house_df,1638,2588,Moses,Moses,4,Mugulusi,Mugulusi,4,Balikuwa,Barasa,0,1969-11-05,1969-11-18,3,1,1,1,0
27.349092208882222,0.9999999941507136,facility_df,house_df,313,3536,Kauma,Kauma,4,Bridget,Bridget,4,Namutebi,,-1,1984-02-02,1984-02-22,4,2,2,1,0
27.349092208882222,0.9999999941507136,facility_df,house_df,505,3436,Namaganda,Namaganda,4,Nakazi,Nakazi,4,Nakyobe,,-1,1966-03-18,1966-03-11,4,2,2,1,0
27.374831220712018,0.9999999942541449,facility_df,house_df,2502,920,Nabanda,Nabanda,4,Tauba,Tauba,4,Muka,Jara,0,1934-07-26,1934-08-08,3,2,2,1,0
27.374831220712018,0.9999999942541449,facility_df,house_df,2595,119,Mathias,Mathias,4,Taitankoko,Taitankoko,4,Wamala,Kamuhanda,0,1931-07-10,1931-07-23,3,1,1,1,0
27.40130343207321,0.999999994358615,facility_df,house_df,188,16,Benon,Benon,4,Sowobi,Sowobi,4,Bazei,Mande,0,2010-09-03,2010-09-16,3,1,1,1,0
27.40130343207321,0.999999994358615,facility_df,house_df,2628,579,Katebe,Katebe,4,Maganda,Maganda,4,Amukam,Kulumba,0,1998-05-12,1998-05-25,3,1,1,1,0
27.40130343207321,0.999999994358615,facility_df,house_df,1126,10,Zubeda,Zubeda,4,Winnie,Winnie,4,Mirembe,Isha,0,1935-04-03,1935-04-16,3,2,2,1,0
27.40130343207321,0.999999994358615,facility_df,house_df,2510,3252,Faridi,Faridi,4,Sowobi,Sowobi,4,Kato,Jose,0,1938-08-04,1938-07-28,3,1,1,1,0
27.40130343207321,0.999999994358615,facility_df,house_df,320,3526,Naikura,Naikura,4,Shamina,Shamina,4,Namubiru,Atiya,0,1938-06-14,1938-06-27,3,2,2,1,0
27.40130343207321,0.999999994358615,facility_df,house_df,654,1777,Naswiba,Naswiba,4,Saida,Saida,4,Bwengye,Sira,0,1950-05-28,1950-05-01,3,2,2,1,0
27.40130343207321,0.999999994358615,facility_df,house_df,2174,3276,Ajalo,Ajalo,4,Shamina,Shamina,4,Kimera,Fala,0,1984-02-22,1984-03-06,3,2,2,1,0
27.40130343207321,0.999999994358615,facility_df,house_df,136,1685,Geofrey,Geofrey,4,Tibita,Tibita,4,Baguru,Lwanga,0,1994-11-28,1994-12-11,3,1,1,1,0
27.40130343207321,0.999999994358615,facility_df,house_df,993,1845,Mugoya,Mugoya,4,Kuzaima,Kuzaima,4,Kassim,Jokkene,0,1991-07-05,1991-07-18,3,1,1,1,0
27.40130343207321,0.999999994358615,facility_df,house_df,1008,882,Waiswa,Waiswa,4,Martin,Martin,4,Kisanja,Kosiya,0,1951-11-26,1951-11-19,3,1,1,1,0
27.40404755262256,0.9999999943693351,facility_df,house_df,686,3318,Elesi,Elesi,4,Lydia,Lydia,4,Mirembe,,-1,1992-08-14,1992-07-25,3,2,2,1,0
27.418547122317676,0.9999999944256418,facility_df,house_df,1591,1089,Zainabu,Zainabu,4,Namwebya,Namwebya,4,Nalukenge,,-1,2011-12-17,2011-12-30,3,2,2,1,0
27.418547122317676,0.9999999944256418,facility_df,house_df,1456,3238,Sharon,Sharon,4,Mudondo,Mudondo,4,Kamali,,-1,2022-10-10,2022-10-23,3,2,2,1,0
27.418547122317676,0.9999999944256418,facility_df,house_df,511,3659,Sharon,Sharon,4,Nabanda,Nabanda,4,Alumo,,-1,1956-04-05,1956-04-18,3,2,2,1,0
27.433193898282077,0.9999999944819484,facility_df,house_df,788,3502,Kisakye,Kisakye,4,Peace,Peace,4,Nalwanga,,-1,1973-07-17,1973-07-02,3,2,2,1,0
27.455751216095585,0.9999999945675552,facility_df,house_df,2097,2046,Ndada,Ndada,4,Odongo,Odongo,4,Nalubega,Karega,0,1982-06-15,1982-06-08,3,1,1,1,0
27.455751216095585,0.9999999945675552,facility_df,house_df,472,2016,Maganda,Maganda,4,Kasibante,Kasibante,4,Nakayiza,Kefa,0,1932-04-12,1932-04-25,3,1,1,1,0
27.455751216095585,0.9999999945675552,facility_df,house_df,2043,3517,Edward,Edward,4,Kiranda,Kiranda,4,Nambi,Kyomuhendo,0,1980-04-24,1980-05-07,3,1,1,1,0
27.455751216095585,0.9999999945675552,facility_df,house_df,1294,3803,Ngobi,Ngobi,4,Malufu,Malufu,4,Balikuwa,Akim,0,1943-03-13,1943-03-26,3,1,1,1,0
27.455751216095585,0.9999999945675552,facility_df,house_df,1185,1531,Joshua,Joshua,4,Junior,Junior,4,Agwang,Nakyejwe,0,1979-02-11,1979-02-24,3,1,1,1,0
27.457379400721614,0.9999999945736826,facility_df,house_df,1273,708,Jingo,Jingo,4,Salimu,Salimu,4,Balinda,Khaoya,0,1932-06-08,1932-06-28,4,1,1,1,0
27.457379400721614,0.9999999945736826,facility_df,house_df,2666,3444,Lubanga,Lubanga,4,Umar,Umar,4,Nalo,Lukwago,0,1944-03-04,1944-03-24,4,1,1,1,0
27.46294124167613,0.9999999945945617,facility_df,house_df,1867,4003,Shamimu,Shamimu,4,Birungi,Birungi,4,Lupita,,-1,1940-08-29,1940-09-18,3,2,2,1,0
27.480772057825583,0.9999999946609585,facility_df,house_df,1199,96,Nakagolo,Nakagolo,4,Mutesi,Mutesi,4,,,-1,2007-03-26,2007-03-26,5,2,2,1,0
27.483765592265183,0.9999999946720253,facility_df,house_df,2479,1092,Kamuyati,Kamuyati,4,Namatovu,Namatovu,4,Nalukwago,Fama,0,1947-07-25,1947-08-14,3,2,2,1,0
27.483765592265183,0.9999999946720253,facility_df,house_df,1858,1092,Kamuyati,Kamuyati,4,Namatovu,Namatovu,4,Nalukwago,Fama,0,1947-07-25,1947-08-14,3,2,2,1,0
27.483765592265183,0.9999999946720253,facility_df,house_df,967,3631,Benda,Benda,4,Shaluwa,Shaluwa,4,Agwang,Wazi,0,2004-10-13,2004-10-06,3,2,2,1,0
27.483765592265183,0.9999999946720253,facility_df,house_df,63,2070,Nakagiri,Nakagiri,4,Tracy,Tracy,4,Nalubega,Kama,0,1985-10-20,1985-10-13,3,2,2,1,0
27.483765592265183,0.9999999946720253,facility_df,house_df,514,1955,Musa,Musa,4,Sulai,Sulai,4,Nakalanzi,Arin,0,1963-07-12,1963-07-05,3,1,1,1,0
27.512334744461953,0.9999999947764953,facility_df,house_df,413,3296,Kiranda,Kiranda,4,Kirunda,Kirunda,4,Lalo,Habib,0,2022-07-23,2022-08-05,3,1,1,1,0
27.512334744461953,0.9999999947764953,facility_df,house_df,727,3024,Mwamini,Mwamini,4,Shatra,Shatra,4,Asiimwe,Iba,0,1947-11-22,1947-12-05,3,2,2,1,0
27.512334744461953,0.9999999947764953,facility_df,house_df,420,3210,Ben,Ben,4,Alamanzan,Alamanzan,4,Galiwango,Kamuhanda,0,1979-02-16,1979-03-01,3,1,1,1,0
27.512334744461953,0.9999999947764953,facility_df,house_df,195,3024,Mwamini,Mwamini,4,Shatra,Shatra,4,Asiimwe,Iba,0,1947-11-22,1947-12-05,3,2,2,1,0
27.512334744461953,0.9999999947764953,facility_df,house_df,761,565,Mukisa,Mukisa,4,Kaliti,Kaliti,4,Amani,Kyomuhendo,0,2010-07-24,2010-07-17,3,1,1,1,0
27.512334744461953,0.9999999947764953,facility_df,house_df,2091,4112,Tenywa,Tenywa,4,Kapiso,Kapiso,4,Nakayaga,Biraaro,0,1998-06-15,1998-06-28,3,1,1,1,0
27.512334744461953,0.9999999947764953,facility_df,house_df,1765,1185,Isima,Isima,4,Abdulahuman,Abdulahuman,4,Nnabunya,Akim,0,2014-09-21,2014-09-14,3,1,1,1,0
27.512334744461953,0.9999999947764953,facility_df,house_df,617,1185,Isima,Isima,4,Abdulahuman,Abdulahuman,4,Nnabunya,Akim,0,2014-09-21,2014-09-14,3,1,1,1,0
27.540109102198592,0.9999999948760949,facility_df,house_df,2313,1894,Amina,Amina,4,Biribawa,Biribawa,4,Kyanjo,,-1,1933-01-12,1933-02-01,3,2,2,1,0
27.540109102198592,0.9999999948760949,facility_df,house_df,1720,1894,Amina,Amina,4,Biribawa,Biribawa,4,Kyanjo,,-1,1933-01-12,1933-02-01,3,2,2,1,0
27.540109102198592,0.9999999948760949,facility_df,house_df,1713,2411,Nubuwati,Nubuwati,4,Janat,Janat,4,,,-1,2024-04-05,2024-04-18,3,2,2,1,0
27.540109102198592,0.9999999948760949,facility_df,house_df,1088,2411,Nubuwati,Nubuwati,4,Janat,Janat,4,,,-1,2024-04-05,2024-04-18,3,2,2,1,0
27.55605064606761,0.9999999949324015,facility_df,house_df,2836,1893,Namutamba,Namutamba,4,Namulinda,Namulinda,4,Kwezi,,-1,2018-08-16,2018-08-09,3,2,2,1,0
27.55605064606761,0.9999999949324015,facility_df,house_df,35,1893,Namutamba,Namutamba,4,Namulinda,Namulinda,4,Kwezi,,-1,2018-08-16,2018-08-09,3,2,2,1,0
27.55605064606761,0.9999999949324015,facility_df,house_df,206,2751,Jamira,Jamira,4,Fazira,Fazira,4,,,-1,1960-01-12,1960-01-25,3,2,2,1,0
27.57122843351552,0.9999999949854355,facility_df,house_df,1503,188,Mbeiza,Mbeiza,4,Kirabira,Kirabira,4,Nakato,Ziba,0,1995-08-20,1995-09-02,3,2,2,1,0
27.57122843351552,0.9999999949854355,facility_df,house_df,2865,993,Musubika,Musubika,4,Sofiati,Sofiati,4,Nakato,Sira,0,1998-02-11,1998-02-24,3,2,2,1,0
27.57122843351552,0.9999999949854355,facility_df,house_df,2450,1070,Safiruna,Safiruna,4,Namunana,Namunana,4,Nalubega,Xama,0,1944-10-19,1944-11-01,3,2,2,1,0
27.57122843351552,0.9999999949854355,facility_df,house_df,567,1738,Talugende,Talugende,4,Mukose,Mukose,4,Bayire,Masinde,0,2016-05-18,2016-05-31,3,1,1,1,0
27.57122843351552,0.9999999949854355,facility_df,house_df,1993,1590,Elesi,Elesi,4,Christine,Christine,4,Angawa,Amani,0,2003-09-16,2003-08-27,3,2,2,1,0
27.57122843351552,0.9999999949854355,facility_df,house_df,2719,586,Hadijah,Hadijah,4,Jamira,Jamira,4,Anaka,Halima,0,1958-09-30,1958-10-20,3,2,2,1,0
27.57122843351552,0.9999999949854355,facility_df,house_df,1022,2895,Dauson,Dauson,4,Magemeso,Magemeso,4,Abolo,Emuron,0,2013-10-14,2013-10-27,3,1,1,1,0
27.57122843351552,0.9999999949854355,facility_df,house_df,186,3060,Akiramu,Akiramu,4,Kigenyi,Kigenyi,4,Awori,Malinga,0,2010-07-29,2010-08-18,3,1,1,1,0
27.57122843351552,0.9999999949854355,facility_df,house_df,2561,3642,Isa,Isa,4,Abdulazaki,Abdulazaki,4,Akol,Kyosimire,0,1934-06-30,1934-07-13,3,1,1,1,0
27.57122843351552,0.9999999949854355,facility_df,house_df,2456,3642,Isa,Isa,4,Abdulazaki,Abdulazaki,4,Akol,Kyosimire,0,1934-06-30,1934-07-13,3,1,1,1,0
27.57122843351552,0.9999999949854355,facility_df,house_df,1922,3968,Namugose,Namugose,4,Bakulimya,Bakulimya,4,Kigongo,Yara,0,1954-03-30,1954-04-12,3,2,2,1,0
27.57122843351552,0.9999999949854355,facility_df,house_df,2021,2169,Mwase,Mwase,4,Umar,Umar,4,Njuba,Mwiru,0,1949-01-30,1949-02-19,3,1,1,1,0
27.57122843351552,0.9999999949854355,facility_df,house_df,1217,1158,Mwamadi,Mwamadi,4,Rabiyu,Rabiyu,4,Nanziri,Atim,0,1943-03-20,1943-04-09,3,1,1,1,0
27.582910282805475,0.9999999950258757,facility_df,house_df,1877,1745,Jazila,Jazila,4,Namuwanga,Namuwanga,4,Bintu,Dama,0,1958-03-03,1958-03-23,4,2,2,1,0
27.58847212375999,0.9999999950450149,facility_df,house_df,1054,3097,Rhiyani,Rhiyani,4,Nakanda,Nakanda,4,Bakitara,,-1,1939-12-07,1939-11-30,3,2,2,1,0
27.58847212375999,0.9999999950450149,facility_df,house_df,854,3097,Rhiyani,Rhiyani,4,Nakanda,Nakanda,4,Bakitara,,-1,1939-12-07,1939-11-30,3,2,2,1,0
27.59669263056496,0.9999999950731682,facility_df,house_df,1730,3020,Harriet,Harriet,4,Aisha,Aisha,4,Asasira,,-1,2016-11-13,2016-11-26,3,2,2,1,0
27.59669263056496,0.9999999950731682,facility_df,house_df,627,2226,Tracy,Tracy,4,Namulondo,Namulondo,4,Ssanyu,,-1,1952-12-20,1953-01-02,3,2,2,1,0
27.59669263056496,0.9999999950731682,facility_df,house_df,212,2257,Zeulence,Zeulence,4,Aisha,Aisha,4,,,-1,2025-08-18,2025-09-07,3,2,2,1,0
27.607051270520994,0.9999999951084165,facility_df,house_df,549,89,Nabirye,Nabirye,4,Nankwanga,Nankwanga,4,,,-1,1974-06-03,1974-06-03,5,2,2,1,0
27.607051270520994,0.9999999951084165,facility_df,house_df,533,1823,Nabirye,Nabirye,4,Nankwanga,Nankwanga,4,,,-1,2027-08-02,2027-08-02,5,2,2,1,0
27.60912559875885,0.9999999951154446,facility_df,house_df,1704,1073,Janet,Janet,4,Naigaga,Naigaga,4,,,-1,2006-03-03,2006-03-03,5,2,2,1,0
27.638512806259584,0.9999999952139348,facility_df,house_df,1685,2904,Sharifa,Sharifa,4,Halima,Halima,4,Abiram,,-1,1958-04-09,1958-04-22,3,2,2,1,0
27.647024306115103,0.9999999952420882,facility_df,house_df,2422,2210,Jamawa,Jamawa,4,Juliet,Juliet,4,Nyendo,,-1,2002-07-21,2002-08-03,3,2,2,1,0
27.64865249074113,0.9999999952474548,facility_df,house_df,704,3310,Azena,Azena,4,Mirembe,Mirembe,4,Malaika,,-1,1983-12-18,1983-12-11,4,2,2,1,0
27.65558631961853,0.9999999952702415,facility_df,house_df,141,1431,Anisha,Anisha,4,Latifa,Latifa,4,,,-1,1992-09-22,1992-10-12,3,2,2,1,0
27.65558631961853,0.9999999952702415,facility_df,house_df,1155,1664,Christine,Christine,4,Edisa,Edisa,4,Ayebare,,-1,1933-12-31,1934-01-13,3,2,2,1,0
27.664337837907002,0.9999999952988458,facility_df,house_df,481,31,Twaha,Twaha,4,Mukalazi,Mukalazi,4,Bwana,Abbo,0,1992-05-18,1992-06-07,3,1,1,1,0
27.664337837907002,0.9999999952988458,facility_df,house_df,2178,3409,Katerine,Katerine,4,Mpudha,Mpudha,4,Nakato,Fanda,0,1996-04-30,1996-04-23,3,2,2,1,0
27.664337837907002,0.9999999952988458,facility_df,house_df,618,953,Sharuwa,Sharuwa,4,Vanisha,Vanisha,4,Nakalango,Gani,0,1987-10-16,1987-10-29,3,2,2,1,0
27.664337837907002,0.9999999952988458,facility_df,house_df,2423,1860,Mashihuda,Mashihuda,4,Wotali,Wotali,4,Kibibi,Ora,0,2018-08-27,2018-09-16,3,2,2,1,0
27.664337837907002,0.9999999952988458,facility_df,house_df,1968,3986,Annet,Annet,4,Kevin,Kevin,4,Kiwanuka,Ema,0,1954-12-29,1955-01-18,3,2,2,1,0
27.664337837907002,0.9999999952988458,facility_df,house_df,2669,4062,Bakali,Bakali,4,Wadidi,Wadidi,4,Nakalanzi,Kirungi,0,1967-05-01,1967-05-14,3,1,1,1,0
27.664337837907002,0.9999999952988458,facility_df,house_df,1493,2142,Sowobi,Sowobi,4,Basham,Basham,4,Nankya,Kooko,0,1978-12-30,1978-12-19,3,1,1,1,0
27.664337837907002,0.9999999952988458,facility_df,house_df,187,31,Twaha,Twaha,4,Mukalazi,Mukalazi,4,Bwana,Abbo,0,1992-05-18,1992-06-07,3,1,1,1,0
27.664337837907002,0.9999999952988458,facility_df,house_df,2080,1243,Ali,Ali,4,Sawa,Sawa,4,Wazi,Ekwaro,0,1990-05-24,1990-06-13,3,1,1,1,0
27.681581528151472,0.9999999953547014,facility_df,house_df,985,1959,Nankwanga,Nankwanga,4,Otana,Otana,4,Nakalanzi,,-1,2003-10-25,2003-10-18,3,2,2,1,0
27.681581528151472,0.9999999953547014,facility_df,house_df,539,1959,Nankwanga,Nankwanga,4,Otana,Otana,4,Nakalanzi,,-1,2003-10-25,2003-10-18,3,2,2,1,0
27.696759315599383,0.9999999954033159,facility_df,house_df,600,576,Haruna,Haruna,4,Salimu,Salimu,4,Ampuri,Kalyesubula,0,1953-05-19,1953-04-29,3,1,1,1,0
27.696759315599383,0.9999999954033159,facility_df,house_df,1071,1855,Byandala,Byandala,4,Falidi,Falidi,4,Katonda,Kanani,0,2006-05-15,2006-05-28,3,1,1,1,0
27.696759315599383,0.9999999954033159,facility_df,house_df,1369,3828,Penina,Penina,4,Nakanda,Nakanda,4,Basiima,Yara,0,1992-08-14,1992-08-07,3,2,2,1,0
27.696759315599383,0.9999999954033159,facility_df,house_df,622,3895,Asuman,Asuman,4,Kasada,Kasada,4,Ebalu,Kyangwa,0,1990-11-27,1990-12-17,3,1,1,1,0
27.696759315599383,0.9999999954033159,facility_df,house_df,233,4012,Rwabaga,Rwabaga,4,Wakoli,Wakoli,4,Mambo,Lwasa,0,1949-03-10,1949-03-23,3,1,1,1,0
27.696759315599383,0.9999999954033159,facility_df,house_df,1026,3559,Kirevu,Kirevu,4,Isiko,Isiko,4,Nanziri,Kyasanku,0,2001-11-23,2001-10-27,3,1,1,1,0
27.696759315599383,0.9999999954033159,facility_df,house_df,1431,2198,Wambi,Wambi,4,Mugabi,Mugabi,4,Nsibambi,Kaggwa,0,1970-07-11,1970-07-24,3,1,1,1,0
27.696759315599383,0.9999999954033159,facility_df,house_df,1723,3614,Wambi,Wambi,4,Mugoya,Mugoya,4,Achuma,Kirabira,0,1985-05-31,1985-05-24,3,1,1,1,0
27.69758344689873,0.999999995405941,facility_df,house_df,1920,3148,Florence,Florence,4,Mutesi,Mutesi,4,,,-1,1962-05-26,1962-05-26,5,2,2,1,0
27.708053739512664,0.9999999954391614,facility_df,house_df,202,498,Edith,Edith,4,Namatende,Namatende,4,,,-1,2018-02-26,2018-03-18,3,2,2,1,0
27.708053739512664,0.9999999954391614,facility_df,house_df,2147,3040,Betty,Betty,4,Ndase,Ndase,4,Atito,,-1,2005-03-22,2005-02-23,3,2,2,1,0
27.708053739512664,0.9999999954391614,facility_df,house_df,1416,3040,Betty,Betty,4,Ndase,Ndase,4,Atito,,-1,2005-03-22,2005-02-23,3,2,2,1,0
27.716839416059106,0.9999999954668515,facility_df,house_df,1094,1320,Nangobi,Nangobi,4,Kagoya,Kagoya,4,,,-1,1963-10-15,1963-10-15,5,2,2,1,0
27.72041380655541,0.9999999954780688,facility_df,house_df,1055,1743,Hanani,Hanani,4,Hassan,Hassan,4,Bino,Ibrahim,0,1947-04-02,1947-04-22,4,1,1,1,0
27.72041380655541,0.9999999954780688,facility_df,house_df,2672,1949,Salimu,Salimu,4,Kasadha,Kasadha,4,Najja,Munyagwa,0,2010-05-03,2010-05-23,4,1,1,1,0
27.72041380655541,0.9999999954780688,facility_df,house_df,1583,4025,Chris,Chris,4,Abdumaliki,Abdumaliki,4,Nabbosa,Jajja,0,1969-12-09,1969-12-02,4,1,1,1,0
27.725975647509923,0.999999995495468,facility_df,house_df,1429,1593,Jamira,Jamira,4,Nalubega,Nalubega,4,Angoma,,-1,1977-04-05,1977-04-18,3,2,2,1,0
27.725975647509923,0.999999995495468,facility_df,house_df,268,1593,Jamira,Jamira,4,Nalubega,Nalubega,4,Angoma,,-1,1977-04-05,1977-04-18,3,2,2,1,0
27.76250152353504,0.9999999956080814,facility_df,house_df,1999,764,Shifura,Shifura,4,Nakagolo,Nakagolo,4,Bulimu,,-1,1955-01-07,1955-01-20,3,2,2,1,0
27.76250152353504,0.9999999956080814,facility_df,house_df,576,1083,Bogere,Bogere,4,Nakagolo,Nakagolo,4,Nalukenge,,-1,1972-08-05,1972-08-18,3,2,2,1,0
27.76387351145792,0.999999995612256,facility_df,house_df,2120,508,Christopher,Christopher,4,Hudaiya,Hudaiya,4,Abooki,Kulumba,0,1971-04-25,1971-05-08,3,1,1,1,0
27.76387351145792,0.999999995612256,facility_df,house_df,1739,693,Saluwa,Saluwa,4,Somoko,Somoko,4,Bakari,Yama,0,2008-07-24,2008-07-30,3,2,2,1,0
27.76387351145792,0.999999995612256,facility_df,house_df,1298,938,James,James,4,Haruna,Haruna,4,Nabbosa,Mbaziira,0,1932-02-16,1932-02-29,3,1,1,1,0
27.76387351145792,0.999999995612256,facility_df,house_df,2337,1184,Mirembe,Mirembe,4,Napendi,Napendi,4,Nkwatako,Ula,0,1935-11-28,1935-12-11,3,2,2,1,0
27.76387351145792,0.999999995612256,facility_df,house_df,883,508,Christopher,Christopher,4,Hudaiya,Hudaiya,4,Abooki,Kulumba,0,1971-04-25,1971-05-08,3,1,1,1,0
27.76387351145792,0.999999995612256,facility_df,house_df,1067,133,Ronald,Ronald,4,Twahiru,Twahiru,4,Nyanzi,Afa,0,1939-03-02,1939-02-22,3,1,1,1,0
27.76387351145792,0.999999995612256,facility_df,house_df,2739,3911,Mwase,Mwase,4,Mukupya,Mukupya,4,Gamba,Mugasha,0,1986-01-31,1986-02-13,3,1,1,1,0
27.76387351145792,0.999999995612256,facility_df,house_df,678,1861,Mirembe,Mirembe,4,Nasabo,Nasabo,4,Kibuga,Ura,0,1991-10-28,1991-11-10,3,2,2,1,0
27.76387351145792,0.999999995612256,facility_df,house_df,588,1184,Mirembe,Mirembe,4,Napendi,Napendi,4,Nkwatako,Ula,0,1935-11-28,1935-12-11,3,2,2,1,0
27.77775379558271,0.9999999956542684,facility_df,house_df,610,2705,Naiwumbwe,Naiwumbwe,4,Mutesi,Mutesi,4,,,-1,1938-01-09,1938-01-09,5,2,2,1,0
27.781117201702386,0.999999995664388,facility_df,house_df,1044,1670,Mariam,Mariam,4,Sonia,Sonia,4,Ayiko,,-1,1940-07-06,1940-07-19,3,2,2,1,0
27.834262839349318,0.9999999958211963,facility_df,house_df,1486,1145,Muwanika,Muwanika,4,Pande,Pande,4,Nansubuga,Mukwaya,0,2011-12-16,2011-12-29,3,1,1,1,0
27.834262839349318,0.9999999958211963,facility_df,house_df,2817,2155,Muksasa,Muksasa,4,Basoga,Basoga,4,Nanyonga,Esibwe,0,1955-11-15,1955-12-05,3,1,1,1,0
27.834262839349318,0.9999999958211963,facility_df,house_df,2229,3689,Muzamiru,Muzamiru,4,Asa,Asa,4,Aneno,Kafumbe,0,2002-12-23,2002-12-16,3,1,1,1,0
27.834262839349318,0.9999999958211963,facility_df,house_df,2645,1946,Kelvin,Kelvin,4,Ndibogeza,Ndibogeza,4,Nabirye,Najjemba,0,1979-03-18,1979-04-07,3,1,1,1,0
27.834262839349318,0.9999999958211963,facility_df,house_df,2751,3062,Joan,Joan,4,Sibalina,Sibalina,4,Awule,Kira,0,1942-08-19,1942-09-08,3,2,2,1,0
27.834262839349318,0.9999999958211963,facility_df,house_df,1558,126,Humairi,Humairi,4,Meere,Meere,4,Nalubega,Mukitale,0,1934-12-01,1934-11-04,3,1,1,1,0
27.834262839349318,0.9999999958211963,facility_df,house_df,1059,555,Namwebya,Namwebya,4,Kambudyu,Kambudyu,4,Alinda,Lani,0,1948-09-01,1948-09-14,3,2,2,1,0
27.834262839349318,0.9999999958211963,facility_df,house_df,1280,1145,Muwanika,Muwanika,4,Pande,Pande,4,Nansubuga,Mukwaya,0,2011-12-16,2011-12-29,3,1,1,1,0
27.834262839349318,0.9999999958211963,facility_df,house_df,20,886,Rose,Rose,4,Kyobonera,Kyobonera,4,Kiwanuka,Sana,0,1934-10-24,1934-11-06,3,2,2,1,0
27.864879583864674,0.9999999959089441,facility_df,house_df,4,283,Ali,Ali,4,Hakram,Hakram,4,Igomu,Igomu,4,2014-05-17,2013-03-13,2,1,1,1,0
27.865096466469446,0.999999995909559,facility_df,house_df,1349,2471,Aisa,Aisa,4,,,-1,Zama,Zama,4,1991-01-26,1991-01-19,3,2,2,1,0
27.867994652382354,0.9999999959177679,facility_df,house_df,299,599,Nakidodo,Nakidodo,4,Anyango,Anyango,4,Anole,,-1,1945-03-31,1945-04-20,3,2,2,1,0
27.87078871537443,0.9999999959256664,facility_df,house_df,1732,3460,Sheira,Sheira,4,Namulyasira,Namulyasira,4,Nalubega,Jola,0,2016-03-25,2016-04-07,3,2,2,1,0
27.87078871537443,0.9999999959256664,facility_df,house_df,1220,3460,Sheira,Sheira,4,Namulyasira,Namulyasira,4,Nalubega,Jola,0,2016-03-25,2016-04-07,3,2,2,1,0
27.877978740954976,0.9999999959459213,facility_df,house_df,1075,965,Najuwa,Najuwa,4,Shamina,Shamina,4,Nakalanzi,,-1,2002-02-18,2002-03-03,3,2,2,1,0
27.908263420793094,0.9999999960301365,facility_df,house_df,269,2550,Bateganya,Bateganya,4,Nkwanga,Nkwanga,4,Aruho,Lukwago,0,2023-05-20,2023-06-02,3,1,1,1,0
27.911686896574924,0.9999999960395456,facility_df,house_df,1626,2194,Shadiya,Shadiya,4,Namusobya,Namusobya,4,Nsereko,,-1,1985-04-01,1985-04-21,4,2,2,1,0
27.91862072545232,0.9999999960585345,facility_df,house_df,679,3684,Sawuya,Sawuya,4,Namukose,Namukose,4,Amutu,,-1,1932-11-30,1932-12-13,3,2,2,1,0
27.91862072545232,0.9999999960585345,facility_df,house_df,157,3684,Sawuya,Sawuya,4,Namukose,Namukose,4,Amutu,,-1,1932-11-30,1932-12-13,3,2,2,1,0
27.91862072545232,0.9999999960585345,facility_df,house_df,1435,242,Lovisa,Lovisa,4,Kitabona,Kitabona,4,,,-1,2000-05-13,2000-04-16,3,2,2,1,0
27.91862072545232,0.9999999960585345,facility_df,house_df,820,242,Lovisa,Lovisa,4,Kitabona,Kitabona,4,,,-1,2000-05-13,2000-04-16,3,2,2,1,0
27.934517548949785,0.9999999961017265,facility_df,house_df,1292,2061,Amina,Amina,4,Nabirye,Nabirye,4,,,-1,1994-05-29,1994-05-29,5,2,2,1,0
27.93937928561912,0.9999999961148412,facility_df,house_df,2774,571,Sauya,Sauya,4,Nakabambwe,Nakabambwe,4,Amola,,-1,1946-10-10,1946-10-03,3,2,2,1,0
27.93937928561912,0.9999999961148412,facility_df,house_df,2740,571,Sauya,Sauya,4,Nakabambwe,Nakabambwe,4,Amola,,-1,1946-10-10,1946-10-03,3,2,2,1,0
27.96044090114695,0.9999999961711479,facility_df,house_df,258,2176,Nakalema,Nakalema,4,Namukuve,Namukuve,4,Nkumba,,-1,1973-01-29,1973-02-18,3,2,2,1,0
27.96044090114695,0.9999999961711479,facility_df,house_df,207,2176,Nakalema,Nakalema,4,Namukuve,Namukuve,4,Nkumba,,-1,1973-01-29,1973-02-18,3,2,2,1,0
27.971088145346457,0.9999999961993011,facility_df,house_df,688,1933,Swabra,Swabra,4,Kagoya,Kagoya,4,Nabbosa,,-1,2022-04-25,2022-04-18,3,2,2,1,0
27.971088145346457,0.9999999961993011,facility_df,house_df,991,1941,Betty,Betty,4,Namugosa,Namugosa,4,Nabbosa,,-1,1966-10-10,1966-10-23,3,2,2,1,0
27.986265932794367,0.9999999962390766,facility_df,house_df,750,1248,Recheal,Recheal,4,Nalubanga,Nalubanga,4,Yusuf,Malaika,0,1984-04-09,1984-04-22,3,2,2,1,0
27.986265932794367,0.9999999962390766,facility_df,house_df,2857,1770,Shafique,Shafique,4,Shakulu,Shakulu,4,Buyaga,Kyewalabye,0,1968-01-12,1968-02-01,3,1,1,1,0
27.986265932794367,0.9999999962390766,facility_df,house_df,2690,1966,Nubu,Nubu,4,Namulumba,Namulumba,4,Nakalanzi,Ama,0,2013-12-15,2014-01-04,3,2,2,1,0
27.986265932794367,0.9999999962390766,facility_df,house_df,124,702,Ibrahim,Ibrahim,4,Rashid,Rashid,4,Balamu,Awori,0,1996-02-05,1996-02-18,3,1,1,1,0
27.986265932794367,0.9999999962390766,facility_df,house_df,2038,1770,Shafique,Shafique,4,Shakulu,Shakulu,4,Buyaga,Kyewalabye,0,1968-01-12,1968-02-01,3,1,1,1,0
27.986265932794367,0.9999999962390766,facility_df,house_df,2138,639,Mugoya,Mugoya,4,Luwano,Luwano,4,Atimango,Kyomuhendo,0,1953-11-24,1953-12-07,3,1,1,1,0
27.986265932794367,0.9999999962390766,facility_df,house_df,906,3706,Khansenge,Khansenge,4,Naikoba,Naikoba,4,Apeyo,Saba,0,1960-10-09,1960-10-22,3,2,2,1,0
27.986265932794367,0.9999999962390766,facility_df,house_df,2763,2603,Muwaiswa,Muwaiswa,4,Wadende,Wadende,4,Bayiga,Ebitu,0,1953-11-05,1953-10-09,3,1,1,1,0
27.986265932794367,0.9999999962390766,facility_df,house_df,1203,2629,Kalimu,Kalimu,4,Alushadi,Alushadi,4,Ebalu,Lukwago,0,1955-02-02,1955-01-13,3,1,1,1,0
27.986265932794367,0.9999999962390766,facility_df,house_df,2275,4079,Sowobi,Sowobi,4,Magola,Magola,4,Nakalema,Kefa,0,1946-08-11,1946-08-04,3,1,1,1,0
27.986265932794367,0.9999999962390766,facility_df,house_df,786,2603,Muwaiswa,Muwaiswa,4,Wadende,Wadende,4,Bayiga,Ebitu,0,1953-11-05,1953-10-09,3,1,1,1,0
27.986265932794367,0.9999999962390766,facility_df,house_df,79,2629,Kalimu,Kalimu,4,Alushadi,Alushadi,4,Ebalu,Lukwago,0,1955-02-02,1955-01-13,3,1,1,1,0
27.986265932794367,0.9999999962390766,facility_df,house_df,170,2603,Muwaiswa,Muwaiswa,4,Wadende,Wadende,4,Bayiga,Ebitu,0,1953-11-05,1953-10-09,3,1,1,1,0
27.986265932794367,0.9999999962390766,facility_df,house_df,464,4036,Kidodo,Kidodo,4,Luwemba,Luwemba,4,Nabbosa,Mahoro,0,2022-07-16,2022-07-29,3,1,1,1,0
27.986265932794367,0.9999999962390766,facility_df,house_df,2408,2517,Sadiki,Sadiki,4,Nambago,Nambago,4,Akoni,Batte,0,1976-07-15,1976-07-08,3,1,1,1,0
27.986265932794367,0.9999999962390766,facility_df,house_df,2052,3698,Nanyanzi,Nanyanzi,4,Namugere,Namugere,4,Anokwani,Akina,0,1964-12-19,1965-01-01,3,2,2,1,0
27.986265932794367,0.9999999962390766,facility_df,house_df,1761,840,Edrin,Edrin,4,Yahaya,Yahaya,4,Kamya,Lwasa,0,1960-04-10,1960-04-23,3,1,1,1,0
27.986265932794367,0.9999999962390766,facility_df,house_df,1808,1982,Subira,Subira,4,Waigangala,Waigangala,4,Nakate,Ijaga,0,1988-08-03,1988-07-27,3,1,1,1,0
28.003509623038834,0.9999999962837611,facility_df,house_df,2729,1109,Mwaiduma,Mwaiduma,4,Nambi,Nambi,4,Namara,,-1,1974-01-19,1974-01-08,3,2,2,1,0
28.025316792654067,0.9999999963395119,facility_df,house_df,851,858,Mutesi,Mutesi,4,Lydia,Lydia,4,,,-1,1965-06-02,1965-06-02,5,2,2,1,0
28.025535929368832,0.9999999963400678,facility_df,house_df,2311,2076,Nakyema,Nakyema,4,Mariam,Mariam,4,Nalubega,,-1,2014-11-10,2014-11-03,3,2,2,1,0
28.026907917291712,0.9999999963435467,facility_df,house_df,2560,1528,Buyinza,Buyinza,4,Jesse,Jesse,4,Agara,Bwayo,0,1951-07-05,1951-07-18,3,1,1,1,0
28.026907917291712,0.9999999963435467,facility_df,house_df,956,1935,Lillian,Lillian,4,Shureya,Shureya,4,Nabbosa,Vira,0,2014-07-14,2014-08-03,3,2,2,1,0
28.026907917291712,0.9999999963435467,facility_df,house_df,1833,1528,Buyinza,Buyinza,4,Jesse,Jesse,4,Agara,Bwayo,0,1951-07-05,1951-07-18,3,1,1,1,0
28.026907917291712,0.9999999963435467,facility_df,house_df,2808,896,Ibanda,Ibanda,4,Abdumaliki,Abdumaliki,4,Lalo,Mahoro,0,1942-05-25,1942-06-14,3,1,1,1,0
28.026907917291712,0.9999999963435467,facility_df,house_df,1139,2507,Yeseri,Yeseri,4,Erickson,Erickson,4,Adingo,Kimeze,0,1943-12-14,1943-12-27,3,1,1,1,0
28.026907917291712,0.9999999963435467,facility_df,house_df,2119,3700,Sanon,Sanon,4,Erickson,Erickson,4,Anole,Kyota,0,1970-08-25,1970-09-07,3,1,1,1,0
28.026907917291712,0.9999999963435467,facility_df,house_df,647,44,Shirati,Shirati,4,Namukasa,Namukasa,4,Lumala,Panda,0,2019-10-28,2019-11-10,3,2,2,1,0
28.026907917291712,0.9999999963435467,facility_df,house_df,90,2507,Yeseri,Yeseri,4,Erickson,Erickson,4,Adingo,Kimeze,0,1943-12-14,1943-12-27,3,1,1,1,0
28.026907917291712,0.9999999963435467,facility_df,house_df,1242,3160,Derrick,Derrick,4,Aliyi,Aliyi,4,Buhuru,Mukasa,0,1937-08-21,1937-08-14,3,1,1,1,0
28.026907917291712,0.9999999963435467,facility_df,house_df,506,4071,Nandego,Nandego,4,Somoko,Somoko,4,Nakalanzi,Asha,0,2025-11-08,2025-11-21,3,2,2,1,0
28.026907917291712,0.9999999963435467,facility_df,house_df,753,1105,Nkutu,Nkutu,4,Wahabu,Wahabu,4,Namara,Kamya,0,2013-11-05,2013-10-29,3,1,1,1,0
28.038767510946467,0.9999999963734811,facility_df,house_df,1879,898,Nangobi,Nangobi,4,Nankwanga,Nankwanga,4,,,-1,1982-08-26,1982-08-26,5,2,2,1,0
28.04234190144277,0.9999999963824551,facility_df,house_df,2109,1194,Kamoga,Kamoga,4,Faizo,Faizo,4,Nsereko,Lumala,0,1989-05-11,1989-05-31,4,1,1,1,0
28.04234190144277,0.9999999963824551,facility_df,house_df,586,864,Talausi,Talausi,4,Ibira,Ibira,4,Kiganda,Kaoma,0,1936-01-31,1936-01-11,4,1,1,1,0
28.04234190144277,0.9999999963824551,facility_df,house_df,1005,3008,Richard,Richard,4,Faizo,Faizo,4,Apolo,Ebitu,0,1948-05-24,1948-05-04,4,1,1,1,0
28.04790374239729,0.9999999963963745,facility_df,house_df,1944,1657,Namaganda,Namaganda,4,Namunjaasi,Namunjaasi,4,Awono,,-1,1978-11-29,1978-12-19,3,2,2,1,0
28.04790374239729,0.9999999963963745,facility_df,house_df,1750,1657,Namaganda,Namaganda,4,Namunjaasi,Namunjaasi,4,Awono,,-1,1978-11-29,1978-12-19,3,2,2,1,0
28.049055817400106,0.999999996399251,facility_df,house_df,907,245,Nakidodo,Nakidodo,4,Mutesi,Mutesi,4,,,-1,1970-12-02,1970-12-02,5,2,2,1,0
28.06872809298634,0.9999999964480168,facility_df,house_df,1301,4100,Musa,Musa,4,Mwanda,Mwanda,4,Nakato,Masiko,0,2006-12-11,2006-12-24,3,1,1,1,0
28.07062381889737,0.9999999964526811,facility_df,house_df,2145,2488,Nakasolo,Nakasolo,4,Deborah,Deborah,4,,,-1,1975-02-11,1975-02-04,3,2,2,1,0
28.0821194577352,0.9999999964808345,facility_df,house_df,1592,1182,Zaituna,Zaituna,4,Nusula,Nusula,4,Nkwanzi,,-1,1935-01-12,1934-12-12,3,2,2,1,0
28.111796814878225,0.999999996552487,facility_df,house_df,2030,658,Sumani,Sumani,4,Mutaka,Mutaka,4,Awono,Kisitu,0,1949-05-06,1949-04-16,3,1,1,1,0
28.111796814878225,0.999999996552487,facility_df,house_df,748,1625,Kirunda,Kirunda,4,Brian,Brian,4,Asingo,Najjuma,0,2009-11-25,2009-12-08,3,1,1,1,0
28.111796814878225,0.999999996552487,facility_df,house_df,1553,2219,Rwabaga,Rwabaga,4,Kibitawaigulu,Kibitawaigulu,4,Pasaka,Kizito,0,2018-10-29,2018-11-11,3,1,1,1,0
28.135451305834252,0.9999999966085515,facility_df,house_df,2658,1674,Resite,Resite,4,Naigwe,Naigwe,4,Ayugi,Fanda,0,2015-10-11,2015-10-31,4,2,2,1,0
28.135451305834252,0.9999999966085515,facility_df,house_df,2168,2923,Zalika,Zalika,4,Kadondo,Kadondo,4,Afoyoka,Wira,0,1997-04-30,1997-04-10,4,2,2,1,0
28.14101314678877,0.9999999966216011,facility_df,house_df,927,3888,Sarah,Sarah,4,Kasili,Kasili,4,Chaka,,-1,2027-04-15,2027-04-08,3,2,2,1,0
28.14101314678877,0.9999999966216011,facility_df,house_df,260,3888,Sarah,Sarah,4,Kasili,Kasili,4,Chaka,,-1,2027-04-15,2027-04-08,3,2,2,1,0
28.15269499607872,0.9999999966488463,facility_df,house_df,2707,1827,Namukobe,Namukobe,4,Mwaiduma,Mwaiduma,4,Jangu,,-1,1945-01-19,1945-01-12,4,2,2,1,0
28.15619093423668,0.999999996656957,facility_df,house_df,626,1688,Kalulu,Kalulu,4,Ibra,Ibra,4,Baka,Mukama,0,1998-09-25,1998-09-18,3,1,1,1,0
28.15619093423668,0.999999996656957,facility_df,house_df,2625,3695,Shaidati,Shaidati,4,Edith,Edith,4,Aniku,Boma,0,1966-10-30,1966-10-23,3,2,2,1,0
28.15619093423668,0.999999996656957,facility_df,house_df,474,3527,Basoga,Basoga,4,Alone,Alone,4,Namubiru,Kamoga,0,1978-01-29,1978-02-11,3,1,1,1,0
28.15619093423668,0.999999996656957,facility_df,house_df,1687,3695,Shaidati,Shaidati,4,Edith,Edith,4,Aniku,Boma,0,1966-10-30,1966-10-23,3,2,2,1,0
28.15619093423668,0.999999996656957,facility_df,house_df,154,3784,Nuru,Nuru,4,Shirati,Shirati,4,Baguru,Yara,0,1954-02-12,1954-02-05,3,2,2,1,0
28.15619093423668,0.999999996656957,facility_df,house_df,89,2023,George,George,4,Bright,Bright,4,Nakimuli,Munyagwa,0,1992-12-06,1992-11-29,3,1,1,1,0
28.177539022813882,0.999999996706061,facility_df,house_df,1586,1610,Azena,Azena,4,Nabulumba,Nabulumba,4,Ariba,,-1,2008-09-12,2008-09-05,3,2,2,1,0
28.177539022813882,0.999999996706061,facility_df,house_df,314,2197,Azena,Azena,4,Nantambi,Nantambi,4,Nsibambi,,-1,1997-04-08,1997-04-21,3,2,2,1,0
28.189922747269716,0.9999999967342144,facility_df,house_df,204,3168,Nakidodo,Nakidodo,4,Hawa,Hawa,4,Butamanya,,-1,1975-08-18,1975-09-07,3,2,2,1,0
28.209741363791494,0.9999999967787704,facility_df,house_df,2232,2498,Mutesi,Mutesi,4,Namumbya,Namumbya,4,,,-1,1990-09-09,1990-09-09,5,2,2,1,0
28.213019769889755,0.9999999967860821,facility_df,house_df,1533,1297,Herone,Herone,4,,,-1,Uma,Uma,4,1945-07-17,1945-06-20,3,2,2,1,0
28.215013728232545,0.999999996790521,facility_df,house_df,2615,2384,Hajara,Hajara,4,Jamila,Jamila,4,,,-1,1975-08-29,1975-09-11,3,2,2,1,0
28.215013728232545,0.999999996790521,facility_df,house_df,390,818,Madina,Madina,4,Rhahuma,Rhahuma,4,Guma,,-1,1966-06-23,1966-07-06,3,2,2,1,0
28.215013728232545,0.999999996790521,facility_df,house_df,1124,3205,Madina,Madina,4,Elumbi,Elumbi,4,Enyanga,,-1,1947-07-16,1947-07-29,3,2,2,1,0
28.215013728232545,0.999999996790521,facility_df,house_df,58,3205,Madina,Madina,4,Elumbi,Elumbi,4,Enyanga,,-1,1947-07-16,1947-07-29,3,2,2,1,0
28.240548820339683,0.9999999968468276,facility_df,house_df,1358,1464,Nalubega,Nalubega,4,Sulaina,Sulaina,4,,,-1,1939-11-04,1939-10-08,3,2,2,1,0
28.240548820339683,0.9999999968468276,facility_df,house_df,2803,326,Teddy,Teddy,4,Rashida,Rashida,4,,,-1,2009-05-16,2009-05-29,3,2,2,1,0
28.240548820339683,0.9999999968468276,facility_df,house_df,2031,326,Teddy,Teddy,4,Rashida,Rashida,4,,,-1,2009-05-16,2009-05-29,3,2,2,1,0
28.24930033862816,0.9999999968658971,facility_df,house_df,2059,2001,Kasanvu,Kasanvu,4,Shalifu,Shalifu,4,Nakato,Najjuma,0,1935-12-07,1935-11-27,3,1,1,1,0
28.24930033862816,0.9999999968658971,facility_df,house_df,1814,2001,Kasanvu,Kasanvu,4,Shalifu,Shalifu,4,Nakato,Najjuma,0,1935-12-07,1935-11-27,3,1,1,1,0
28.24930033862816,0.9999999968658971,facility_df,house_df,1181,568,Magoola,Magoola,4,Banuli,Banuli,4,Amanya,Ebitu,0,2000-04-02,2000-04-15,3,1,1,1,0
28.24930033862816,0.9999999968658971,facility_df,house_df,358,40,Naiboka,Naiboka,4,Tauba,Tauba,4,Kirungi,Fama,0,1960-06-05,1960-06-18,3,2,2,1,0
28.24930033862816,0.9999999968658971,facility_df,house_df,523,801,Kasanvu,Kasanvu,4,Tenwa,Tenwa,4,Ekwamu,Masolo,0,1980-04-12,1980-04-25,3,1,1,1,0
28.24930033862816,0.9999999968658971,facility_df,house_df,1606,959,Malilo,Malilo,4,Mwase,Mwase,4,Nakalanzi,Mayanja,0,1945-03-14,1945-04-03,3,1,1,1,0
28.24930033862816,0.9999999968658971,facility_df,house_df,536,3000,Kato,Kato,4,Sempa,Sempa,4,Anole,Ekwaro,0,1999-09-09,1999-09-22,3,1,1,1,0
28.24930033862816,0.9999999968658971,facility_df,house_df,2619,2116,Kyambalango,Kyambalango,4,Mayanja,Mayanja,4,Nambi,Masiko,0,1954-10-09,1954-09-09,3,1,1,1,0
28.24930033862816,0.9999999968658971,facility_df,house_df,1865,3375,Abasa,Abasa,4,Nathan,Nathan,4,Nakalanzi,Nalubwama,0,1934-04-14,1934-04-27,3,1,1,1,0
28.24930033862816,0.9999999968658971,facility_df,house_df,1378,3157,Alihamidu,Alihamidu,4,Igulu,Igulu,4,Bugembe,Kamuhanda,0,2018-09-22,2018-10-12,3,1,1,1,0
28.24930033862816,0.9999999968658971,facility_df,house_df,1490,2116,Kyambalango,Kyambalango,4,Mayanja,Mayanja,4,Nambi,Masiko,0,1954-10-09,1954-09-09,3,1,1,1,0
28.24930033862816,0.9999999968658971,facility_df,house_df,2048,3554,Isima,Isima,4,Abdallah,Abdallah,4,Nanyonga,Kimeze,0,1947-06-14,1947-05-25,3,1,1,1,0
28.24930033862816,0.9999999968658971,facility_df,house_df,2869,4098,Hawah,Hawah,4,Mwajuma,Mwajuma,4,Nakato,Wira,0,1984-09-23,1984-10-06,3,2,2,1,0
28.24930033862816,0.9999999968658971,facility_df,house_df,2218,971,Buyinza,Buyinza,4,Yahaya,Yahaya,4,Nakalanzi,Lwanga,0,1984-01-17,1984-01-23,3,1,1,1,0
28.24930033862816,0.9999999968658971,facility_df,house_df,443,762,Beatrice,Beatrice,4,Siyama,Siyama,4,Bukele,Safi,0,1962-09-22,1962-10-05,3,2,2,1,0
28.24930033862816,0.9999999968658971,facility_df,house_df,315,3200,Phillipal,Phillipal,4,Sadati,Sadati,4,Ekwamu,Kalyesubula,0,1946-12-15,1946-12-28,3,1,1,1,0
28.24930033862816,0.9999999968658971,facility_df,house_df,732,1518,Zeulence,Zeulence,4,Jenipher,Jenipher,4,Adong,Ema,0,2020-01-12,2020-01-05,3,2,2,1,0
28.24930033862816,0.9999999968658971,facility_df,house_df,1288,3998,Damali,Damali,4,Tibenda,Tibenda,4,Lubaga,Pama,0,2003-11-04,2003-11-17,3,2,2,1,0
28.25348787604718,0.999999996874981,facility_df,house_df,2556,1335,Florence,Florence,4,Kawuma,Kawuma,4,,,-1,1961-08-29,1961-09-18,3,2,2,1,0
28.25348787604718,0.999999996874981,facility_df,house_df,1903,2983,Florence,Florence,4,Nabankema,Nabankema,4,Amuto,,-1,1993-06-26,1993-05-30,3,2,2,1,0
28.266544028872627,0.9999999969031343,facility_df,house_df,381,261,Nakasango,Nakasango,4,Amulasi,Amulasi,4,,,-1,1980-02-04,1980-02-17,3,2,2,1,0
28.266544028872627,0.9999999969031343,facility_df,house_df,2266,1493,Mbabazi,Mbabazi,4,Mwajuma,Mwajuma,4,,,-1,1957-09-13,1957-10-03,3,2,2,1,0
28.266544028872627,0.9999999969031343,facility_df,house_df,958,2870,Babirye,Babirye,4,Shuleya,Shuleya,4,,,-1,1993-09-24,1993-10-07,3,2,2,1,0
28.266544028872627,0.9999999969031343,facility_df,house_df,1983,1591,Fatuma,Fatuma,4,Ndikimwiza,Ndikimwiza,4,Angimbi,,-1,2006-02-23,2006-03-08,3,2,2,1,0
28.268088680923785,0.9999999969064483,facility_df,house_df,2115,2639,Aisha,Aisha,4,Naigaga,Naigaga,4,,,-1,1972-06-28,1972-06-28,5,2,2,1,0
28.29301624023382,0.999999996959441,facility_df,house_df,2163,1520,Alice,Alice,4,Nankwanga,Nankwanga,4,Afande,,-1,2007-07-09,2007-07-22,3,2,2,1,0
28.29301624023382,0.999999996959441,facility_df,house_df,611,3955,Nakasolo,Nakasolo,4,Ntiire,Ntiire,4,Katonda,,-1,1944-10-28,1944-11-10,3,2,2,1,0
28.333658224731163,0.999999997043901,facility_df,house_df,1749,1139,Hanifa,Hanifa,4,Aisha,Aisha,4,Nandawula,,-1,2018-03-22,2018-04-04,3,2,2,1,0
28.333658224731163,0.999999997043901,facility_df,house_df,2270,2269,Namulwa,Namulwa,4,Namulondo,Namulondo,4,,,-1,1958-10-15,1958-10-08,3,2,2,1,0
28.333658224731163,0.999999997043901,facility_df,house_df,1608,2281,Lukia,Lukia,4,Nalongo,Nalongo,4,,,-1,1952-01-02,1952-01-15,3,2,2,1,0
28.333658224731163,0.999999997043901,facility_df,house_df,298,3872,Aziza,Aziza,4,Mercy,Mercy,4,Buyungo,,-1,1932-06-07,1932-06-20,3,2,2,1,0
28.333658224731163,0.999999997043901,facility_df,house_df,428,1411,Fahima,Fahima,4,Mercy,Mercy,4,,,-1,1943-10-18,1943-10-31,3,2,2,1,0
28.347464024256194,0.9999999970720542,facility_df,house_df,2834,919,Favour,Favour,4,Mariam,Mariam,4,Mirembe,,-1,1952-04-30,1952-04-23,3,2,2,1,0
28.347464024256194,0.9999999970720542,facility_df,house_df,2553,919,Favour,Favour,4,Mariam,Mariam,4,Mirembe,,-1,1952-04-30,1952-04-23,3,2,2,1,0
28.348836012179074,0.9999999970748373,facility_df,house_df,2446,3068,Badiru,Badiru,4,Bansute,Bansute,4,Ayebo,Katabazi,0,1963-04-11,1963-03-15,3,1,1,1,0
28.348836012179074,0.9999999970748373,facility_df,house_df,1934,3641,Nakato,Nakato,4,Nakigozi,Nakigozi,4,Akim,Ora,0,1952-12-04,1952-12-17,3,2,2,1,0
28.348836012179074,0.9999999970748373,facility_df,house_df,2150,4088,Rayan,Rayan,4,Musenero,Musenero,4,Nakato,Apolo,0,1979-04-03,1979-04-16,3,1,1,1,0
28.348836012179074,0.9999999970748373,facility_df,house_df,66,3597,Fauza,Fauza,4,Lindati,Lindati,4,Nsibambi,Yara,0,1986-10-18,1986-10-31,3,2,2,1,0
28.348836012179074,0.9999999970748373,facility_df,house_df,2538,3532,Muzito,Muzito,4,Madrine,Madrine,4,Namuddu,Kajubi,0,1972-11-24,1972-11-17,3,1,1,1,0
28.348836012179074,0.9999999970748373,facility_df,house_df,2819,3081,Josephine,Josephine,4,Hasifa,Hasifa,4,Bagaya,Quila,0,1990-09-28,1990-10-11,3,2,2,1,0
28.348836012179074,0.9999999970748373,facility_df,house_df,534,1226,Kisakye,Kisakye,4,Ashia,Ashia,4,Ssanyu,Chuma,0,1944-01-07,1944-01-20,3,2,2,1,0
28.349092208882222,0.9999999970753568,facility_df,house_df,2424,596,Kyeroti,Kyeroti,4,Recheal,Recheal,4,Ankole,,-1,1939-04-12,1939-04-02,4,2,2,1,0
28.349092208882222,0.9999999970753568,facility_df,house_df,486,596,Kyeroti,Kyeroti,4,Recheal,Recheal,4,Ankole,,-1,1939-04-12,1939-04-02,4,2,2,1,0
28.40130343207321,0.9999999971793074,facility_df,house_df,2069,178,Jude,Jude,4,Kevin,Kevin,4,Namuddu,Masolo,0,1933-01-10,1933-01-23,3,1,1,1,0
28.40130343207321,0.9999999971793074,facility_df,house_df,2319,1513,Zawumina,Zawumina,4,Nantabo,Nantabo,4,Acholi,Imani,0,1935-04-16,1935-04-29,3,2,2,1,0
28.40130343207321,0.9999999971793074,facility_df,house_df,1267,178,Jude,Jude,4,Kevin,Kevin,4,Namuddu,Masolo,0,1933-01-10,1933-01-23,3,1,1,1,0
28.40130343207321,0.9999999971793074,facility_df,house_df,1098,3579,Ibrahim,Ibrahim,4,Mugambe,Mugambe,4,Nkwanga,Nalwbwama,0,1959-05-11,1959-05-24,3,1,1,1,0
28.40130343207321,0.9999999971793074,facility_df,house_df,2029,943,Aminsi,Aminsi,4,Tekule,Tekule,4,Nabbosa,Masinde,0,1985-03-26,1985-03-15,3,1,1,1,0
28.401337590331174,0.9999999971793743,facility_df,house_df,1623,1333,Nangobi,Nangobi,4,Namukose,Namukose,4,,,-1,1947-01-25,1947-01-25,5,2,2,1,0
28.418547122317676,0.9999999972128208,facility_df,house_df,1607,3881,Sandra,Sandra,4,Amina,Amina,4,Byaruhanga,,-1,2008-10-10,2008-10-23,3,2,2,1,0
28.433193898282077,0.9999999972409742,facility_df,house_df,1460,3530,Lillian,Lillian,4,Rahuma,Rahuma,4,Namuddu,,-1,1966-11-03,1966-10-27,3,2,2,1,0
28.442201613273703,0.999999997258147,facility_df,house_df,1494,3590,Nahia,Nahia,4,Nabulumba,Nabulumba,4,Nsereko,,-1,1951-12-09,1951-12-02,4,2,2,1,0
28.457379400721614,0.9999999972868413,facility_df,house_df,1647,805,Kalule,Kalule,4,Duula,Duula,4,Enyanga,Lwasa,0,2013-01-03,2013-01-23,4,1,1,1,0
28.457379400721614,0.9999999972868413,facility_df,house_df,1890,890,Muhammed,Muhammed,4,Tasili,Tasili,4,Kizito,Muhairwe,0,1965-07-01,1965-07-21,4,1,1,1,0
28.457379400721614,0.9999999972868413,facility_df,house_df,2380,760,Yonasan,Yonasan,4,Hadadi,Hadadi,4,Buhuru,Hakim,0,1949-05-21,1949-05-01,4,1,1,1,0
28.457379400721614,0.9999999972868413,facility_df,house_df,1417,805,Kalule,Kalule,4,Duula,Duula,4,Enyanga,Lwasa,0,2013-01-03,2013-01-23,4,1,1,1,0
28.457379400721614,0.9999999972868413,facility_df,house_df,1289,890,Muhammed,Muhammed,4,Tasili,Tasili,4,Kizito,Muhairwe,0,1965-07-01,1965-07-21,4,1,1,1,0
28.46294124167613,0.9999999972972808,facility_df,house_df,1759,1534,Kadijja,Kadijja,4,Nakiranda,Nakiranda,4,Aima,,-1,1947-06-27,1947-07-10,3,2,2,1,0
28.49924798098648,0.9999999973644486,facility_df,house_df,75,2340,Mutesi,Mutesi,4,Phiona,Phiona,4,,,-1,1949-12-14,1949-12-14,5,2,2,1,0
28.512334744461953,0.9999999973882476,facility_df,house_df,1894,3486,Wasike,Wasike,4,Nathan,Nathan,4,Nalukenge,Kawooya,0,2004-11-13,2004-12-03,3,1,1,1,0
28.524341786340273,0.9999999974098941,facility_df,house_df,639,150,Zaina,Zaina,4,Wotaali,Wotaali,4,Nabirye,,-1,2024-10-15,2024-10-28,3,2,2,1,0
28.524341786340273,0.9999999974098941,facility_df,house_df,1387,1125,Sauya,Sauya,4,Kyobonela,Kyobonela,4,Nampijja,,-1,1930-10-06,1930-09-29,3,2,2,1,0
28.540686665764696,0.9999999974390729,facility_df,house_df,731,2346,Nakaziba,Nakaziba,4,,,-1,Katabazi,Katabazi,4,1964-02-21,1964-02-21,5,1,1,1,0
28.54173728682462,0.9999999974409371,facility_df,house_df,1547,2364,Christine,Christine,4,Nyawere,Nyawere,4,,,-1,2019-05-29,2019-05-22,4,2,2,1,0
28.55605064606761,0.9999999974662008,facility_df,house_df,2864,392,Janet,Janet,4,Nadunga,Nadunga,4,,,-1,2013-02-23,2013-03-08,3,2,2,1,0
28.55605064606761,0.9999999974662008,facility_df,house_df,1988,1719,Naisanga,Naisanga,4,Kagoya,Kagoya,4,Bari,,-1,1963-04-14,1963-04-07,3,2,2,1,0
28.55605064606761,0.9999999974662008,facility_df,house_df,2799,3529,Nanangwe,Nanangwe,4,Safina,Safina,4,Namuddu,,-1,1969-11-26,1969-11-19,3,2,2,1,0
28.55605064606761,0.9999999974662008,facility_df,house_df,1677,781,Damali,Damali,4,Jenipher,Jenipher,4,Byaruhanga,,-1,1997-02-14,1997-02-27,3,2,2,1,0
28.57122843351552,0.9999999974927177,facility_df,house_df,2520,107,Lairati,Lairati,4,Janati,Janati,4,Kikazi,Esa,0,1989-09-07,1989-09-20,3,2,2,1,0
28.57122843351552,0.9999999974927177,facility_df,house_df,681,714,Bwayo,Bwayo,4,Mukose,Mukose,4,Bangi,Muhairwe,0,1933-10-28,1933-11-17,3,1,1,1,0
28.57122843351552,0.9999999974927177,facility_df,house_df,1985,1679,Haulatu,Haulatu,4,Namugere,Namugere,4,Bachwa,Eanda,0,1998-12-25,1999-01-14,3,2,2,1,0
28.57122843351552,0.9999999974927177,facility_df,house_df,2379,2003,Jenipher,Jenipher,4,Nakimuli,Nakimuli,4,Nakato,Enaya,0,1945-02-15,1945-02-28,3,2,2,1,0
28.57122843351552,0.9999999974927177,facility_df,house_df,2087,880,Jamiri,Jamiri,4,Umar,Umar,4,Kirungi,Kyomuhendo,0,1989-01-26,1989-01-19,3,1,1,1,0
28.57122843351552,0.9999999974927177,facility_df,house_df,1144,833,Edrin,Edrin,4,Bugembe,Bugembe,4,Kafeero,Mukitale,0,1995-04-04,1995-05-07,3,1,1,1,0
28.57122843351552,0.9999999974927177,facility_df,house_df,377,529,Saida,Saida,4,Balikisi,Balikisi,4,Agondo,Zada,0,1954-03-31,1954-04-13,3,2,2,1,0
28.57122843351552,0.9999999974927177,facility_df,house_df,1401,2223,Kuzaima,Kuzaima,4,Asadi,Asadi,4,Shona,Mugenzi,0,1970-01-29,1970-02-11,3,1,1,1,0
28.57122843351552,0.9999999974927177,facility_df,house_df,2151,3146,Charles,Charles,4,Fred,Fred,4,Bisaso,Mugabi,0,2008-05-13,2008-06-02,3,1,1,1,0
28.57122843351552,0.9999999974927177,facility_df,house_df,821,3992,Sylivia,Sylivia,4,Jeiles,Jeiles,4,Kwagala,Gani,0,1983-06-14,1983-06-07,3,2,2,1,0
28.57122843351552,0.9999999974927177,facility_df,house_df,2272,3653,Jenipher,Jenipher,4,Naku,Naku,4,Alimu,Maia,0,1969-09-21,1969-10-11,3,2,2,1,0
28.57122843351552,0.9999999974927177,facility_df,house_df,1174,2622,Namanda,Namanda,4,Harriet,Harriet,4,Byamugisha,Handa,0,1990-06-07,1990-06-20,3,2,2,1,0
28.57122843351552,0.9999999974927177,facility_df,house_df,337,171,Shafique,Shafique,4,Ntale,Ntale,4,Nakato,Mugenzi,0,1968-09-10,1968-09-23,3,1,1,1,0
28.58847212375999,0.9999999975225075,facility_df,house_df,2387,3416,Rahima,Rahima,4,Zaituna,Zaituna,4,Nakayiza,,-1,1935-01-06,1935-01-19,3,2,2,1,0
28.58847212375999,0.9999999975225075,facility_df,house_df,892,3416,Rahima,Rahima,4,Zaituna,Zaituna,4,Nakayiza,,-1,1935-01-06,1935-01-19,3,2,2,1,0
28.604960246548558,0.9999999975506607,facility_df,house_df,2350,779,Amurasi,Amurasi,4,Kisambira,Kisambira,4,Byamugisha,,-1,1997-07-14,1997-07-27,3,2,2,1,0
28.604960246548558,0.9999999975506607,facility_df,house_df,1905,779,Amurasi,Amurasi,4,Kisambira,Kisambira,4,Byamugisha,,-1,1997-07-14,1997-07-27,3,2,2,1,0
28.63495726709088,0.9999999976010625,facility_df,house_df,2489,2709,Shamimu,Shamimu,4,Nabirye,Nabirye,4,,,-1,1956-03-18,1956-03-18,5,2,2,1,0
28.635661880067467,0.9999999976022338,facility_df,house_df,2646,907,Salima,Salima,4,Nakaziba,Nakaziba,4,,,-1,1981-05-03,1981-05-03,5,2,2,1,0
28.655586319618525,0.9999999976351207,facility_df,house_df,1544,111,Fazira,Fazira,4,Farida,Farida,4,Nyombi,,-1,2005-12-27,2006-01-09,3,2,2,1,0
28.655586319618525,0.9999999976351207,facility_df,house_df,1531,111,Fazira,Fazira,4,Farida,Farida,4,Nyombi,,-1,2005-12-27,2006-01-09,3,2,2,1,0
28.687320329139048,0.9999999976865714,facility_df,house_df,2073,3981,Nakaziba,Nakaziba,4,Lydia,Lydia,4,,,-1,1960-04-24,1960-04-24,5,2,2,1,0
28.696759315599383,0.9999999977016579,facility_df,house_df,1868,2573,Lukaiya,Lukaiya,4,Amulasi,Amulasi,4,Ayigi,Cira,0,1984-03-12,1984-03-25,3,2,2,1,0
28.70805373951266,0.9999999977195807,facility_df,house_df,2293,2118,Safina,Safina,4,Nabanda,Nabanda,4,Nambi,,-1,2005-07-23,2005-08-05,3,2,2,1,0
28.708661272309765,0.9999999977205408,facility_df,house_df,2320,602,Fauza,Fauza,4,Naigaga,Naigaga,4,,,-1,2003-12-29,2003-12-29,5,2,2,1,0
28.708661272309765,0.9999999977205408,facility_df,house_df,1330,1804,Zauja,Zauja,4,Naigaga,Naigaga,4,,,-1,1982-02-16,1982-02-16,5,2,2,1,0
28.72041380655541,0.9999999977390344,facility_df,house_df,175,118,Shaban,Shaban,4,Aithamu,Aithamu,4,Nanyonjo,Masiko,0,2025-03-18,2025-03-11,4,1,1,1,0
28.725975647509923,0.9999999977477341,facility_df,house_df,2580,2460,Ntono,Ntono,4,Nakakande,Nakakande,4,,,-1,1987-09-09,1987-09-22,3,2,2,1,0
28.725975647509923,0.9999999977477341,facility_df,house_df,1213,2460,Ntono,Ntono,4,Nakakande,Nakakande,4,,,-1,1987-09-09,1987-09-22,3,2,2,1,0
28.725975647509923,0.9999999977477341,facility_df,house_df,2530,37,Shamina,Shamina,4,Eseza,Eseza,4,Miremba,,-1,1945-09-21,1945-10-04,3,2,2,1,0
28.725975647509923,0.9999999977477341,facility_df,house_df,2064,4091,Hajira,Hajira,4,Shaliya,Shaliya,4,Nakato,,-1,2014-08-14,2014-09-03,3,2,2,1,0
28.725975647509923,0.9999999977477341,facility_df,house_df,2653,2613,Gloria,Gloria,4,Rashida,Rashida,4,Bugingo,,-1,1993-06-21,1993-07-11,3,2,2,1,0
28.725975647509927,0.9999999977477341,facility_df,house_df,1285,1463,Elesi,Elesi,4,Timugibwa,Timugibwa,4,,,-1,2007-07-12,2007-08-01,3,2,2,1,0
28.725975647509927,0.9999999977477341,facility_df,house_df,2195,1137,Kauma,Kauma,4,Kampi,Kampi,4,Namutebi,,-1,1954-10-12,1954-10-25,3,2,2,1,0
28.725975647509927,0.9999999977477341,facility_df,house_df,896,925,Kauma,Kauma,4,Kamanda,Kamanda,4,Nabbosa,,-1,1939-01-16,1939-01-29,3,2,2,1,0
28.725975647509927,0.9999999977477341,facility_df,house_df,265,1137,Kauma,Kauma,4,Kampi,Kampi,4,Namutebi,,-1,1954-10-12,1954-10-25,3,2,2,1,0
28.737111811085366,0.9999999977650523,facility_df,house_df,2497,2810,Nasimu,Nasimu,4,Mutesi,Mutesi,4,,,-1,1985-12-03,1985-12-03,5,2,2,1,0
28.737111811085366,0.9999999977650523,facility_df,house_df,1476,2911,Faridah,Faridah,4,Nangobi,Nangobi,4,,,-1,2005-05-28,2005-05-28,5,2,2,1,0
28.749260893751483,0.999999997783794,facility_df,house_df,236,1739,Nangobi,Nangobi,4,Nakisuyi,Nakisuyi,4,,,-1,1991-01-13,1991-01-13,5,2,2,1,0
28.76250152353504,0.9999999978040407,facility_df,house_df,159,106,Miria,Miria,4,Praise,Praise,4,Nambooze,,-1,2025-10-21,2025-11-10,3,2,2,1,0
28.76250152353504,0.9999999978040407,facility_df,house_df,1654,2585,Sheira,Sheira,4,Nawaguma,Nawaguma,4,Bakibinga,,-1,1933-08-18,1933-08-31,3,2,2,1,0
28.76250152353504,0.9999999978040407,facility_df,house_df,558,2585,Sheira,Sheira,4,Nawaguma,Nawaguma,4,Bakibinga,,-1,1933-08-18,1933-08-31,3,2,2,1,0
28.76250152353504,0.9999999978040407,facility_df,house_df,2199,2766,Brenda,Brenda,4,Namugwana,Namugwana,4,,,-1,1930-07-07,1930-07-20,3,2,2,1,0
28.76387351145792,0.999999997806128,facility_df,house_df,71,1736,Ikoba,Ikoba,4,Revis,Revis,4,Bayiga,Masinde,0,1931-06-26,1931-07-09,3,1,1,1,0
28.76387351145792,0.999999997806128,facility_df,house_df,690,1916,James,James,4,Musalwa,Musalwa,4,Miremba,Bukenya,0,2011-01-14,2011-01-27,3,1,1,1,0
28.76387351145792,0.999999997806128,facility_df,house_df,2128,4055,Kakaire,Kakaire,4,Sande,Sande,4,Nakalanzi,Apolo,0,1998-09-22,1998-10-12,3,1,1,1,0
28.76387351145792,0.999999997806128,facility_df,house_df,48,4055,Kakaire,Kakaire,4,Sande,Sande,4,Nakalanzi,Apolo,0,1998-09-22,1998-10-12,3,1,1,1,0
28.76387351145792,0.999999997806128,facility_df,house_df,2794,3261,Magemeso,Magemeso,4,Kalifan,Kalifan,4,Kibuga,Apolo,0,1986-03-09,1986-03-22,3,1,1,1,0
28.764129708161068,0.9999999978065176,facility_df,house_df,2352,3381,Mayimuna,Mayimuna,4,Naiboka,Naiboka,4,Nakate,,-1,1966-06-06,1966-06-26,4,2,2,1,0
28.764129708161068,0.9999999978065176,facility_df,house_df,670,3278,Lukiya,Lukiya,4,Mudondo,Mudondo,4,Kirabo,,-1,1945-02-19,1945-02-12,4,2,2,1,0
28.764129708161068,0.9999999978065176,facility_df,house_df,1579,3381,Mayimuna,Mayimuna,4,Naiboka,Naiboka,4,Nakate,,-1,1966-06-06,1966-06-26,4,2,2,1,0
28.776976271963306,0.9999999978259628,facility_df,house_df,2188,3528,Nabirye,Nabirye,4,Kirabira,Kirabira,4,,,-1,1959-03-09,1959-03-09,5,2,2,1,0
28.804771692658413,0.9999999978674476,facility_df,house_df,2859,1824,Alaziya,Alaziya,4,Shamida,Shamida,4,Jajja,,-1,2018-12-08,2018-12-28,4,2,2,1,0
28.82163676156694,0.999999997892232,facility_df,house_df,614,2865,Nagiwa,Nagiwa,4,,,-1,Ganda,Ganda,4,2027-02-02,2027-02-22,4,2,2,1,0
28.834262839349318,0.9999999979105981,facility_df,house_df,1219,567,Aiman,Aiman,4,Kisuyi,Kisuyi,4,Amanya,Nakyejwe,0,1981-04-06,1981-04-19,3,1,1,1,0
28.834262839349318,0.9999999979105981,facility_df,house_df,1063,936,Muzahamu,Muzahamu,4,Ndyanga,Ndyanga,4,Nabbosa,Kamoga,0,1987-12-05,1987-12-18,3,1,1,1,0
28.834262839349318,0.9999999979105981,facility_df,house_df,625,1562,Juma,Juma,4,Taitankoko,Taitankoko,4,Amako,Ayoo,0,1934-07-03,1934-07-16,3,1,1,1,0
28.834262839349318,0.9999999979105981,facility_df,house_df,451,1831,Jimmy,Jimmy,4,Crispus,Crispus,4,Kabiito,Mugasha,0,2000-07-04,2000-06-07,3,1,1,1,0
28.834262839349318,0.9999999979105981,facility_df,house_df,555,1972,Salimu,Salimu,4,Steven,Steven,4,Nakalanzi,Mukwaya,0,1991-05-20,1991-06-09,3,1,1,1,0
28.834262839349318,0.9999999979105981,facility_df,house_df,2635,164,Namakoye,Namakoye,4,Nadiope,Nadiope,4,Nakiganda,Lila,0,1993-02-09,1993-03-01,3,2,2,1,0
28.834262839349318,0.9999999979105981,facility_df,house_df,117,520,Zura,Zura,4,Racheal,Racheal,4,Afande,Imani,0,1957-11-03,1957-11-16,3,2,2,1,0
28.834262839349318,0.9999999979105981,facility_df,house_df,652,3125,Abdalah,Abdalah,4,Edrine,Edrine,4,Basambu,Nadduli,0,1953-10-12,1953-10-25,3,1,1,1,0
28.834262839349318,0.9999999979105981,facility_df,house_df,1151,3438,Nasser,Nasser,4,Sadati,Sadati,4,Nakyobe,Habib,0,2016-01-07,2016-01-20,3,1,1,1,0
28.834262839349318,0.9999999979105981,facility_df,house_df,2402,3627,Rahim,Rahim,4,Ofono,Ofono,4,Agala,Galabuzi,0,1954-07-15,1954-08-04,3,1,1,1,0
28.834262839349318,0.9999999979105981,facility_df,house_df,2684,4015,Huseein,Huseein,4,Balidawa,Balidawa,4,Mazuri,Mukasa,0,1995-07-31,1995-08-13,3,1,1,1,0
28.834262839349318,0.9999999979105981,facility_df,house_df,1492,2168,Basoga,Basoga,4,Kizito,Kizito,4,Njuba,Mwiru,0,1937-06-21,1937-07-04,3,1,1,1,0
28.834262839349318,0.9999999979105981,facility_df,house_df,1346,3878,Shalif,Shalif,4,Ndibogeza,Ndibogeza,4,Bwino,Kusiima,0,1975-08-28,1975-09-02,3,1,1,1,0
28.834262839349318,0.9999999979105981,facility_df,house_df,1555,1879,Balidawa,Balidawa,4,Ashim,Ashim,4,Kirabo,Asim,0,1989-07-05,1989-06-25,3,1,1,1,0
28.834262839349318,0.9999999979105981,facility_df,house_df,2496,2068,Salimu,Salimu,4,Kabaale,Kabaale,4,Nalubega,Jokkene,0,1933-07-15,1933-08-04,3,1,1,1,0
28.834262839349318,0.9999999979105981,facility_df,house_df,1169,2239,Wahabu,Wahabu,4,Owen,Owen,4,Wanuri,Igeme,0,1976-07-18,1976-07-31,3,1,1,1,0
28.834262839349318,0.9999999979105981,facility_df,house_df,2536,4092,Humairi,Humairi,4,Kuzairu,Kuzairu,4,Nakato,Lwasa,0,2023-09-19,2023-10-02,3,1,1,1,0
28.834262839349318,0.9999999979105981,facility_df,house_df,2046,3988,Namuyaga,Namuyaga,4,Kugumikiriza,Kugumikiriza,4,Kizito,Hara,0,1959-10-30,1959-11-19,3,2,2,1,0
28.834262839349318,0.9999999979105981,facility_df,house_df,2421,4097,Joan,Joan,4,Balinabyo,Balinabyo,4,Nakato,Landa,0,1933-12-05,1933-12-18,3,2,2,1,0
28.877978740954976,0.9999999979729606,facility_df,house_df,1080,1056,Musubika,Musubika,4,Winnie,Winnie,4,Nalubega,,-1,1986-02-22,1986-03-07,3,2,2,1,0
28.877978740954976,0.9999999979729606,facility_df,house_df,1355,2265,Bayati,Bayati,4,Miria,Miria,4,,,-1,1999-07-07,1999-07-20,3,2,2,1,0
28.877978740954976,0.9999999979729606,facility_df,house_df,2457,2166,Kwagala,Kwagala,4,Tikabula,Tikabula,4,Ngozi,,-1,1967-02-20,1967-03-05,3,2,2,1,0
28.877978740954976,0.9999999979729606,facility_df,house_df,1344,3908,Namuwaya,Namuwaya,4,Nakamate,Nakamate,4,Etungu,,-1,1936-08-19,1936-09-08,3,2,2,1,0
28.886764417501418,0.9999999979852673,facility_df,house_df,774,15,Nangobi,Nangobi,4,Shamimu,Shamimu,4,,,-1,2012-08-12,2012-08-12,5,2,2,1,0
28.91862072545232,0.9999999980292673,facility_df,house_df,594,1217,Abalyogera,Abalyogera,4,Namulondo,Namulondo,4,Omutima,,-1,1941-07-13,1941-07-06,3,2,2,1,0
28.91862072545232,0.9999999980292673,facility_df,house_df,1372,1311,Naiwumbwe,Naiwumbwe,4,Pheibe,Pheibe,4,,,-1,1947-07-07,1947-07-20,3,2,2,1,0
28.93405470960338,0.9999999980502379,facility_df,house_df,455,1566,Kamanda,Kamanda,4,Nasabu,Nasabu,4,Amani,,-1,2009-01-05,2009-01-25,4,2,2,1,0
28.934517548949785,0.9999999980508633,facility_df,house_df,1756,662,Jovia,Jovia,4,Nabirye,Nabirye,4,,,-1,1969-11-01,1969-11-01,5,2,2,1,0
28.93937928561912,0.9999999980574206,facility_df,house_df,728,2989,Salima,Salima,4,Bint,Bint,4,Aneno,,-1,2014-07-11,2014-07-04,3,2,2,1,0
28.93937928561912,0.9999999980574206,facility_df,house_df,1263,1752,Sauya,Sauya,4,Fatina,Fatina,4,Biyinzika,,-1,2000-02-19,2000-03-03,3,2,2,1,0
28.96044090114695,0.9999999980855739,facility_df,house_df,2153,1552,Deborah,Deborah,4,Kyakuwaire,Kyakuwaire,4,Aliddu,,-1,1935-12-26,1936-01-08,3,2,2,1,0
28.986265932794367,0.9999999981195383,facility_df,house_df,1443,48,Medi,Medi,4,Tibita,Tibita,4,Jjaja,Balaba,0,1991-05-19,1991-06-08,3,1,1,1,0
28.986265932794367,0.9999999981195383,facility_df,house_df,1718,50,Peace,Peace,4,Zamu,Zamu,4,Muka,Gia,0,1986-05-31,1986-06-13,3,2,2,1,0
28.986265932794367,0.9999999981195383,facility_df,house_df,2099,1859,Rebecca,Rebecca,4,Naali,Naali,4,Kazi,Nira,0,1995-09-10,1995-09-03,3,2,2,1,0
28.986265932794367,0.9999999981195383,facility_df,house_df,441,1871,Hibah,Hibah,4,Nantambi,Nantambi,4,Kiira,Mira,0,1946-07-11,1946-07-04,3,2,2,1,0
28.986265932794367,0.9999999981195383,facility_df,house_df,215,113,Geofrey,Geofrey,4,Baziransoni,Baziransoni,4,Nambi,Mugabi,0,2025-01-07,2025-01-20,3,1,1,1,0
28.986265932794367,0.9999999981195383,facility_df,house_df,1452,3175,Silina,Silina,4,Ashima,Ashima,4,Bwana,Kira,0,1939-10-19,1939-11-01,3,2,2,1,0
28.986265932794367,0.9999999981195383,facility_df,house_df,1270,3175,Silina,Silina,4,Ashima,Ashima,4,Bwana,Kira,0,1939-10-19,1939-11-01,3,2,2,1,0
28.986265932794367,0.9999999981195383,facility_df,house_df,2190,3332,Musitafa,Musitafa,4,Kasone,Kasone,4,Nabbosa,Bwayo,0,1980-03-26,1980-04-15,3,1,1,1,0
28.986265932794367,0.9999999981195383,facility_df,house_df,1050,3534,Booza,Booza,4,Priase,Priase,4,Namuddu,Najjuma,0,1983-09-16,1983-09-29,3,1,1,1,0
28.986265932794367,0.9999999981195383,facility_df,house_df,1917,2065,Lawrence,Lawrence,4,Atidu,Atidu,4,Nalubega,Kawooya,0,1935-05-27,1935-06-09,3,1,1,1,0
28.986265932794367,0.9999999981195383,facility_df,house_df,1282,1577,Nkundwe,Nkundwe,4,Menya,Menya,4,Amuge,Kamoga,0,1934-10-17,1934-10-30,3,1,1,1,0
28.989298834682167,0.9999999981234874,facility_df,house_df,1945,4023,Nakasolo,Nakasolo,4,Nakaziba,Nakaziba,4,,,-1,1936-01-17,1936-01-17,5,2,2,1,0
29.00014621691916,0.9999999981375436,facility_df,house_df,456,400,Bushira,Bushira,4,Nangobi,Nangobi,4,,,-1,1993-09-24,1993-09-24,5,2,2,1,0
29.003509623038834,0.9999999981418806,facility_df,house_df,209,478,Hairati,Hairati,4,Nampina,Nampina,4,,,-1,2025-08-07,2025-08-20,3,2,2,1,0
29.003509623038834,0.9999999981418806,facility_df,house_df,196,1814,Scovia,Scovia,4,Nakisuyi,Nakisuyi,4,Ggamba,,-1,1970-05-06,1970-05-19,3,2,2,1,0
29.003509623038834,0.9999999981418806,facility_df,house_df,2263,3676,Bafumba,Bafumba,4,Rebecca,Rebecca,4,Ampuri,,-1,1997-02-09,1997-03-01,3,2,2,1,0
29.003509623038834,0.9999999981418806,facility_df,house_df,810,2872,Mwaiduma,Mwaiduma,4,Winnie,Winnie,4,,,-1,1938-08-06,1938-08-19,3,2,2,1,0
29.003509623038834,0.9999999981418806,facility_df,house_df,1726,3583,Hadijah,Hadijah,4,Sharifa,Sharifa,4,Nkwanzi,,-1,1961-09-12,1961-09-05,3,2,2,1,0
29.003509623038834,0.9999999981418806,facility_df,house_df,1166,3028,Namusobya,Namusobya,4,Sharon,Sharon,4,Asupira,,-1,1944-01-06,1944-01-19,3,2,2,1,0
29.02716411399486,0.999999998172098,facility_df,house_df,158,4086,Bazifa,Bazifa,4,Namulumba,Namulumba,4,Nakato,,-1,1972-10-28,1972-10-21,4,2,2,1,0
29.04234190144277,0.9999999981912275,facility_df,house_df,2405,3057,Takiyu,Takiyu,4,Namwaya,Namwaya,4,Awono,Najjuma,0,1977-03-04,1977-03-24,4,1,1,1,0
29.04790374239729,0.9999999981981872,facility_df,house_df,1986,614,Munabi,Munabi,4,Nakiranda,Nakiranda,4,Arinawe,,-1,1952-10-19,1952-11-08,3,2,2,1,0
29.04790374239729,0.9999999981981872,facility_df,house_df,1340,671,Fidah,Fidah,4,Namukobe,Namukobe,4,Ayo,,-1,2002-07-30,2002-08-12,3,2,2,1,0
29.04790374239729,0.9999999981981872,facility_df,house_df,2429,3342,Rahima,Rahima,4,Zainabu,Zainabu,4,Nabbosa,,-1,1969-05-24,1969-06-06,3,2,2,1,0
29.04790374239729,0.9999999981981872,facility_df,house_df,2287,3897,Dinah,Dinah,4,Namukobe,Namukobe,4,Ebyo,,-1,1971-06-04,1971-06-17,3,2,2,1,0
29.04790374239729,0.9999999981981872,facility_df,house_df,192,3571,Rahuma,Rahuma,4,Kirabira,Kirabira,4,Nkima,,-1,2001-07-22,2001-08-04,3,2,2,1,0
29.04790374239729,0.9999999981981872,facility_df,house_df,903,3897,Dinah,Dinah,4,Namukobe,Namukobe,4,Ebyo,,-1,1971-06-04,1971-06-17,3,2,2,1,0
29.04790374239729,0.9999999981981872,facility_df,house_df,1841,3342,Rahima,Rahima,4,Zainabu,Zainabu,4,Nabbosa,,-1,1969-05-24,1969-06-06,3,2,2,1,0
29.04790374239729,0.9999999981981872,facility_df,house_df,1317,3342,Rahima,Rahima,4,Zainabu,Zainabu,4,Nabbosa,,-1,1969-05-24,1969-06-06,3,2,2,1,0
29.04790374239729,0.9999999981981872,facility_df,house_df,2381,2140,Namaganda,Namaganda,4,Babyona,Babyona,4,Nankya,,-1,2020-11-04,2020-11-17,3,2,2,1,0
29.07062381889737,0.9999999982263406,facility_df,house_df,52,379,Shamim,Shamim,4,Kafuko,Kafuko,4,,,-1,2008-09-23,2008-10-13,3,2,2,1,0
29.120243212952392,0.9999999982863058,facility_df,house_df,2576,3862,Mariam,Mariam,4,Nkwanga,Nkwanga,4,,,-1,2018-09-16,2018-09-16,5,2,2,1,0
29.14101314678877,0.9999999983108006,facility_df,house_df,223,467,Butelaba,Butelaba,4,Swabula,Swabula,4,,,-1,2016-07-22,2016-08-04,3,2,2,1,0
29.14101314678877,0.9999999983108006,facility_df,house_df,437,2136,Jamila,Jamila,4,Namugere,Namugere,4,Namutebi,,-1,1948-05-22,1948-05-15,3,2,2,1,0
29.14101314678877,0.9999999983108006,facility_df,house_df,2170,1059,Namugogo,Namugogo,4,Rashim,Rashim,4,Nalubega,,-1,2017-05-02,2017-05-15,3,2,2,1,0
29.15619093423668,0.9999999983284785,facility_df,house_df,2888,144,Swaliki,Swaliki,4,Shafique,Shafique,4,Namazzi,Mwesige,0,2021-04-20,2021-05-03,3,1,1,1,0
29.15619093423668,0.9999999983284785,facility_df,house_df,1474,701,Marion,Marion,4,Jamira,Jamira,4,Balamu,Ema,0,1963-11-02,1963-11-15,3,2,2,1,0
29.15619093423668,0.9999999983284785,facility_df,house_df,1721,763,Salama,Salama,4,Naigwera,Naigwera,4,Bukele,Pira,0,1941-12-23,1942-01-05,3,2,2,1,0
29.15619093423668,0.9999999983284785,facility_df,house_df,645,1042,Abdul-Shakulu,Abdul-Shakulu,4,Aluvin,Aluvin,4,Nakyobe,Mwesige,0,2022-11-23,2022-12-13,3,1,1,1,0
29.15619093423668,0.9999999983284785,facility_df,house_df,2875,1192,Denis,Denis,4,Mukyaye,Mukyaye,4,Nsereko,Ganyana,0,1954-11-29,1954-12-12,3,1,1,1,0
29.15619093423668,0.9999999983284785,facility_df,house_df,1299,722,Akello,Akello,4,Jesca,Jesca,4,Barungi,Uma,0,1937-12-20,1938-01-09,3,2,2,1,0
29.15619093423668,0.9999999983284785,facility_df,house_df,1869,18,Waigangala,Waigangala,4,Idd,Idd,4,Lule,Mukembo,0,1956-07-21,1956-08-03,3,1,1,1,0
29.15619093423668,0.9999999983284785,facility_df,house_df,629,722,Akello,Akello,4,Jesca,Jesca,4,Barungi,Uma,0,1937-12-20,1938-01-09,3,2,2,1,0
29.15619093423668,0.9999999983284785,facility_df,house_df,582,1940,Jamiru,Jamiru,4,Kintu,Kintu,4,Nabbosa,Nagujja,0,2013-01-04,2012-12-28,3,1,1,1,0
29.15619093423668,0.9999999983284785,facility_df,house_df,2542,2631,Talemwa,Talemwa,4,Lubandi,Lubandi,4,Ebyo,Golooba,0,1995-04-06,1995-04-19,3,1,1,1,0
29.15619093423668,0.9999999983284785,facility_df,house_df,2336,3016,Angel,Angel,4,Nakantu,Nakantu,4,Aruho,Esa,0,2006-11-19,2006-12-09,3,2,2,1,0
29.15619093423668,0.9999999983284785,facility_df,house_df,1916,3791,Ndhabe,Ndhabe,4,Amuza,Amuza,4,Bakamwesiga,Bayo,0,1999-12-22,1999-12-15,3,1,1,1,0
29.15619093423668,0.9999999983284785,facility_df,house_df,2831,2964,Rashid,Rashid,4,Kisedere,Kisedere,4,Amalo,Igomu,0,1987-09-02,1987-09-15,3,1,1,1,0
29.15619093423668,0.9999999983284785,facility_df,house_df,1772,3600,Marvin,Marvin,4,Ibira,Ibira,4,Nsibambi,Mwiru,0,2002-09-14,2002-09-27,3,1,1,1,0
29.15619093423668,0.9999999983284785,facility_df,house_df,199,3016,Angel,Angel,4,Nakantu,Nakantu,4,Aruho,Esa,0,2006-11-19,2006-12-09,3,2,2,1,0
29.15619093423668,0.9999999983284785,facility_df,house_df,310,3941,Kamanda,Kamanda,4,Davis,Davis,4,Kanyike,Kalungi,0,1946-03-31,1946-04-13,3,1,1,1,0
29.15619093423668,0.9999999983284785,facility_df,house_df,1383,2170,Abdallah,Abdallah,4,Kaamu,Kaamu,4,Nkima,Kiiza,0,1949-11-21,1949-12-04,3,1,1,1,0
29.15619093423668,0.9999999983284785,facility_df,house_df,1852,3574,Muyinda,Muyinda,4,Yosam,Yosam,4,Nkulu,Jjingo,0,1990-07-31,1990-08-13,3,1,1,1,0
29.163282052698833,0.9999999983366742,facility_df,house_df,2747,725,Lovisa,Lovisa,4,Babirye,Babirye,4,,,-1,2026-10-15,2026-10-15,5,2,2,1,0
29.189922747269716,0.9999999983671072,facility_df,house_df,2490,3025,Afiza,Afiza,4,Kisambira,Kisambira,4,Asingo,,-1,1969-10-28,1969-11-10,3,2,2,1,0
29.200611224167073,0.9999999983791601,facility_df,house_df,981,2459,Kaziba,Kaziba,4,,,-1,Mirembe,Mirembe,4,1995-07-07,1995-07-07,5,1,1,1,0
29.209741363791494,0.9999999983893852,facility_df,house_df,2186,1036,Babirye,Babirye,4,Sarah,Sarah,4,,,-1,2016-10-31,2016-10-31,5,2,2,1,0
29.229815803954533,0.999999998411641,facility_df,house_df,1308,861,Naigaga,Naigaga,4,Nuulu,Nuulu,4,,,-1,1944-02-05,1944-02-05,5,2,2,1,0
29.240548820339683,0.9999999984234138,facility_df,house_df,1529,190,Josephine,Josephine,4,Nakafero,Nakafero,4,Nakyobe,,-1,1979-06-24,1979-06-17,3,2,2,1,0
29.24930033862816,0.9999999984329486,facility_df,house_df,1048,1087,Bamulumba,Bamulumba,4,Muswahabu,Muswahabu,4,Nalukenge,Mande,0,1976-09-15,1976-09-08,3,1,1,1,0
29.24930033862816,0.9999999984329486,facility_df,house_df,2898,1202,Maliki,Maliki,4,Basule,Basule,4,Nsolo,Ibingira,0,1940-06-16,1940-05-27,3,1,1,1,0
29.24930033862816,0.9999999984329486,facility_df,house_df,828,631,Erimia,Erimia,4,Noah,Noah,4,Atafi,Mukembo,0,1968-05-20,1968-05-13,3,1,1,1,0
29.24930033862816,0.9999999984329486,facility_df,house_df,1148,2248,Shamidu,Shamidu,4,Mary,Mary,4,Yusuf,Bisa,0,1950-06-16,1950-06-29,3,2,2,1,0
29.24930033862816,0.9999999984329486,facility_df,house_df,1206,2950,Shadia,Shadia,4,Ekiwa,Ekiwa,4,Alele,Fara,0,2003-01-21,2003-01-14,3,2,2,1,0
29.24930033862816,0.9999999984329486,facility_df,house_df,2727,3953,Bashiri,Bashiri,4,Wambi,Wambi,4,Kato,Kyeyune,0,1943-04-28,1943-05-11,3,1,1,1,0
29.24930033862816,0.9999999984329486,facility_df,house_df,812,3098,Nkutu,Nkutu,4,Anthony,Anthony,4,Bakitara,Kisitu,0,1988-10-30,1988-11-12,3,1,1,1,0
29.24930033862816,0.9999999984329486,facility_df,house_df,70,3098,Nkutu,Nkutu,4,Anthony,Anthony,4,Bakitara,Kisitu,0,1988-10-30,1988-11-12,3,1,1,1,0
29.266544028872627,0.9999999984515672,facility_df,house_df,2627,975,Viola,Viola,4,Shifa,Shifa,4,Nakalanzi,,-1,1972-11-16,1972-11-29,3,2,2,1,0
29.29301624023382,0.9999999984797204,facility_df,house_df,14,1479,Shuube,Shuube,4,Sowobi,Sowobi,4,,,-1,1977-04-26,1977-05-09,3,2,2,1,0
29.29301624023382,0.9999999984797204,facility_df,house_df,2839,3386,Nabulumba,Nabulumba,4,Madina,Madina,4,Nakato,,-1,1963-08-19,1963-07-30,3,2,2,1,0
29.29301624023382,0.9999999984797204,facility_df,house_df,1514,1922,Ayanga,Ayanga,4,Naikoba,Naikoba,4,Nabbosa,,-1,1939-03-22,1939-04-04,3,2,2,1,0
29.29301624023382,0.9999999984797204,facility_df,house_df,718,3386,Nabulumba,Nabulumba,4,Madina,Madina,4,Nakato,,-1,1963-08-19,1963-07-30,3,2,2,1,0
29.29301624023382,0.9999999984797204,facility_df,house_df,400,3588,Hanisha,Hanisha,4,Naiboka,Naiboka,4,Nsereko,,-1,1973-04-20,1973-04-05,3,2,2,1,0
29.29301624023382,0.9999999984797204,facility_df,house_df,2242,1539,Asina,Asina,4,Vanisha,Vanisha,4,Akili,,-1,1964-09-28,1964-10-11,3,2,2,1,0
29.29301624023382,0.9999999984797204,facility_df,house_df,115,3756,Betty,Betty,4,Nasimu,Nasimu,4,Awonga,,-1,1986-11-13,1986-12-03,3,2,2,1,0
29.322074311806524,0.9999999985100348,facility_df,house_df,100,1247,Suzan,Suzan,4,Mutesi,Mutesi,4,,,-1,1993-12-06,1993-12-06,5,2,2,1,0
29.348836012179074,0.9999999985374187,facility_df,house_df,2548,2616,Edinansi,Edinansi,4,Bilyeli,Bilyeli,4,Bulimu,Panda,0,1947-01-27,1947-02-09,3,2,2,1,0
29.348836012179074,0.9999999985374187,facility_df,house_df,344,2217,Faziri,Faziri,4,Mukupya,Mukupya,4,Omutima,Jogo,0,2006-05-31,2006-06-13,3,1,1,1,0
29.349092208882222,0.9999999985376784,facility_df,house_df,1483,1220,Switina,Switina,4,Naigembe,Naigembe,4,Rashid,,-1,1974-02-07,1974-02-27,4,2,2,1,0
29.349092208882222,0.9999999985376784,facility_df,house_df,2348,490,Kasata,Kasata,4,Zauma,Zauma,4,,,-1,2026-10-02,2026-10-22,4,2,2,1,0
29.37547840042579,0.9999999985641804,facility_df,house_df,2008,2896,Kamuyati,Kamuyati,4,Byawano,Byawano,4,Abooki,,-1,1992-06-28,1992-07-11,3,2,2,1,0
29.37547840042579,0.9999999985641804,facility_df,house_df,1657,2896,Kamuyati,Kamuyati,4,Byawano,Byawano,4,Abooki,,-1,1992-06-28,1992-07-11,3,2,2,1,0
29.39416593492892,0.999999998582659,facility_df,house_df,2842,3808,Fatuma,Fatuma,4,Nakisuyi,Nakisuyi,4,,,-1,1991-04-09,1991-04-09,5,2,2,1,0
29.39416593492892,0.999999998582659,facility_df,house_df,1275,796,Babirye,Babirye,4,Namwebya,Namwebya,4,,,-1,1943-12-27,1943-12-27,5,2,2,1,0
29.40404755262256,0.9999999985923338,facility_df,house_df,461,4014,Judith,Judith,4,Mwajuma,Mwajuma,4,Matano,,-1,1935-07-05,1935-07-18,3,2,2,1,0
29.40404755262256,0.9999999985923338,facility_df,house_df,2689,507,Nzara,Nzara,4,Sarah,Sarah,4,Abolo,,-1,1998-04-20,1998-03-31,3,2,2,1,0
29.433193898282077,0.999999998620487,facility_df,house_df,415,1491,Namugere,Namugere,4,Fauza,Fauza,4,,,-1,1973-12-20,1973-12-05,3,2,2,1,0
29.457379400721614,0.9999999986434206,facility_df,house_df,1072,93,Moris,Moris,4,Sirimu,Sirimu,4,Najjemba,Nakyejwe,0,1999-03-05,1999-03-25,4,1,1,1,0
29.461280130787458,0.9999999986470836,facility_df,house_df,797,713,Mariam,Mariam,4,Nakato,Nakato,4,,,-1,1966-11-21,1966-11-21,5,2,2,1,0
29.46294124167613,0.9999999986486404,facility_df,house_df,2234,647,Zahara,Zahara,4,Ndibawaki,Ndibawaki,4,Awach,,-1,1973-05-10,1973-05-23,3,2,2,1,0
29.46294124167613,0.9999999986486404,facility_df,house_df,865,161,Zauma,Zauma,4,Bridget,Bridget,4,Nakalema,,-1,1993-04-28,1993-05-18,3,2,2,1,0
29.46294124167613,0.9999999986486404,facility_df,house_df,2516,1995,Laziya,Laziya,4,Hailati,Hailati,4,Nakato,,-1,1948-02-24,1948-01-28,3,2,2,1,0
29.46294124167613,0.9999999986486404,facility_df,house_df,2312,1995,Laziya,Laziya,4,Hailati,Hailati,4,Nakato,,-1,1948-02-24,1948-01-28,3,2,2,1,0
29.46294124167613,0.9999999986486404,facility_df,house_df,572,3106,Nulu,Nulu,4,Nairima,Nairima,4,Balimwezo,,-1,2000-06-11,2000-07-01,3,2,2,1,0
29.46294124167613,0.9999999986486404,facility_df,house_df,601,287,Mayi,Mayi,4,Namutamba,Namutamba,4,,,-1,1936-01-23,1936-02-05,3,2,2,1,0
29.46294124167613,0.9999999986486404,facility_df,house_df,34,2374,Namutamba,Namutamba,4,Ndobozi,Ndobozi,4,,,-1,2004-08-19,2004-09-08,3,2,2,1,0
29.46294124167613,0.9999999986486404,facility_df,house_df,49,161,Zauma,Zauma,4,Bridget,Bridget,4,Nakalema,,-1,1993-04-28,1993-05-18,3,2,2,1,0
29.46294124167613,0.9999999986486404,facility_df,house_df,1972,647,Zahara,Zahara,4,Ndibawaki,Ndibawaki,4,Awach,,-1,1973-05-10,1973-05-23,3,2,2,1,0
29.47462309096608,0.9999999986595385,facility_df,house_df,2563,1507,Safiat,Safiat,4,Nabutanda,Nabutanda,4,Abolo,,-1,1977-04-05,1977-04-25,4,2,2,1,0
29.49924798098648,0.9999999986822242,facility_df,house_df,343,3727,Mutesi,Mutesi,4,Kyozira,Kyozira,4,,,-1,2008-09-10,2008-09-10,5,2,2,1,0
29.500706855562544,0.9999999986835562,facility_df,house_df,970,1353,Naigaga,Naigaga,4,Nakagolo,Nakagolo,4,Yara,Yara,4,1967-11-21,1967-12-04,3,2,2,1,0
29.52382159685617,0.99999999870448,facility_df,house_df,2800,14,Nakaziba,Nakaziba,4,Kamega,Kamega,4,,,-1,1947-07-28,1947-07-28,5,2,2,1,0
29.538658276275033,0.9999999987177349,facility_df,house_df,2289,2828,Namususwa,Namususwa,4,Nakaziba,Nakaziba,4,Vira,Vira,4,1990-07-05,1990-07-25,4,2,2,1,0
29.54173728682462,0.9999999987204686,facility_df,house_df,1017,978,Nakayima,Nakayima,4,Wasena,Wasena,4,Nakalema,,-1,1971-04-06,1971-04-26,4,2,2,1,0
29.542200126171025,0.999999998720879,facility_df,house_df,2032,1214,Fauza,Fauza,4,Nakagolo,Nakagolo,4,,,-1,2020-08-04,2020-08-04,5,2,2,1,0
29.55605064606761,0.9999999987331004,facility_df,house_df,1284,3224,Nasabu,Nasabu,4,Saumu,Saumu,4,Jajja,,-1,1941-10-21,1941-10-14,3,2,2,1,0
29.57122843351552,0.9999999987463589,facility_df,house_df,1775,163,Azah,Azah,4,Joanita,Joanita,4,Nansubuga,Diara,0,1972-01-30,1972-02-12,3,2,2,1,0
29.57122843351552,0.9999999987463589,facility_df,house_df,989,655,Abasa,Abasa,4,Bukosi,Bukosi,4,Awiti,Jajja,0,1974-07-12,1974-07-05,3,1,1,1,0
29.57122843351552,0.9999999987463589,facility_df,house_df,2471,851,Specioza,Specioza,4,Patricia,Patricia,4,Kato,Zara,0,2026-02-07,2026-03-12,3,2,2,1,0
29.57122843351552,0.9999999987463589,facility_df,house_df,1809,76,Yakuti,Yakuti,4,Aminsi,Aminsi,4,Wasswa,Mukasa,0,2002-10-30,2002-10-19,3,1,1,1,0
29.57122843351552,0.9999999987463589,facility_df,house_df,1497,1024,Kauthara,Kauthara,4,Atiika,Atiika,4,Nakimuli,Tara,0,1971-09-27,1971-10-02,3,2,2,1,0
29.57122843351552,0.9999999987463589,facility_df,house_df,2596,3592,Asadi,Asadi,4,Peter,Peter,4,Nsereko,Lwasa,0,1991-10-05,1991-09-28,3,1,1,1,0
29.57122843351552,0.9999999987463589,facility_df,house_df,216,3763,Ronah,Ronah,4,Sibalina,Sibalina,4,Awule,Xara,0,1991-12-10,1991-11-20,3,2,2,1,0
29.57122843351552,0.9999999987463589,facility_df,house_df,1668,3829,Swaibu,Swaibu,4,Wagubi,Wagubi,4,Basima,Ganyana,0,1988-07-07,1988-07-20,3,1,1,1,0
29.57122843351552,0.9999999987463589,facility_df,house_df,2393,3929,Kayanga,Kayanga,4,Saniya,Saniya,4,Jjaja,Quila,0,2014-12-16,2014-12-29,3,2,2,1,0
29.57122843351552,0.9999999987463589,facility_df,house_df,1827,3414,Gramuseni,Gramuseni,4,Munyavu,Munyavu,4,Nakayiza,Mirembe,0,1998-02-11,1998-03-03,3,1,1,1,0
29.57122843351552,0.9999999987463589,facility_df,house_df,1230,3580,Lwabaga,Lwabaga,4,Sudaisi,Sudaisi,4,Nkwanga,Anko,0,1972-08-16,1972-07-27,3,1,1,1,0
29.57122843351552,0.9999999987463589,facility_df,house_df,40,3322,Muwanguzi,Muwanguzi,4,Nkuligye,Nkuligye,4,Nabbosa,Masiko,0,1969-02-24,1969-02-17,3,1,1,1,0
29.57122843351552,0.9999999987463589,facility_df,house_df,793,4078,Tahiya,Tahiya,4,Lamula,Lamula,4,Nakalema,Kala,0,1961-02-06,1961-02-19,3,2,2,1,0
29.57122843351552,0.9999999987463589,facility_df,house_df,2074,13,Kitimbo,Kitimbo,4,Bahati,Bahati,4,Kimera,Labeja,0,1995-09-14,1995-10-04,3,1,1,1,0
29.57122843351552,0.9999999987463589,facility_df,house_df,311,1050,Joseph,Joseph,4,John,John,4,Nalubega,Jajja,0,2015-04-26,2015-05-09,3,1,1,1,0
29.57122843351552,0.9999999987463589,facility_df,house_df,2210,62,Musitafa,Musitafa,4,Muyingo,Muyingo,4,Lwaki,Mirembe,0,2018-01-22,2018-02-11,3,1,1,1,0
29.57122843351552,0.9999999987463589,facility_df,house_df,811,2146,Joseph,Joseph,4,Mafabi,Mafabi,4,Nanteza,Balaba,0,2003-08-06,2003-07-17,3,1,1,1,0
29.57122843351552,0.9999999987463589,facility_df,house_df,280,1232,Magola,Magola,4,Shakin,Shakin,4,Ssenyonjo,Kyemba,0,1987-08-18,1987-08-31,3,1,1,1,0
29.57458683409968,0.9999999987492738,facility_df,house_df,986,1357,Nakaziba,Nakaziba,4,Nangobi,Nangobi,4,Ora,Ora,4,2005-01-31,2005-02-13,3,2,2,1,0
29.58847212375999,0.9999999987612537,facility_df,house_df,1642,1613,Namirembe,Namirembe,4,Nakisuyi,Nakisuyi,4,Arinaitwe,,-1,2027-09-18,2027-10-01,3,2,2,1,0
29.58847212375999,0.9999999987612537,facility_df,house_df,2762,2757,Mugala,Mugala,4,Nakasango,Nakasango,4,,,-1,1964-03-27,1964-04-09,3,2,2,1,0
29.58847212375999,0.9999999987612537,facility_df,house_df,2769,3649,Zidha,Zidha,4,Namususwa,Namususwa,4,Alaso,,-1,2004-05-05,2004-04-28,3,2,2,1,0
29.607051270520994,0.9999999987771041,facility_df,house_df,530,3932,Nabirye,Nabirye,4,Tikabula,Tikabula,4,,,-1,2024-03-13,2024-03-13,5,2,2,1,0
29.607051270520994,0.9999999987771041,facility_df,house_df,2775,453,Nabirye,Nabirye,4,Aidha,Aidha,4,,,-1,1939-04-01,1939-04-01,5,2,2,1,0
29.61212661471602,0.9999999987813987,facility_df,house_df,1948,3866,Eseza,Eseza,4,Zahara,Zahara,4,Bulo,,-1,1985-03-07,1985-03-27,4,2,2,1,0
29.61212661471602,0.9999999987813987,facility_df,house_df,494,1603,Nanfuka,Nanfuka,4,Nusula,Nusula,4,Anyango,,-1,1940-10-18,1940-10-11,4,2,2,1,0
29.627721555746493,0.9999999987945003,facility_df,house_df,2236,3031,Naiwumbwe,Naiwumbwe,4,,,-1,Tala,Tala,4,1977-11-19,1977-11-19,5,2,2,1,0
29.64485330323338,0.9999999988087307,facility_df,house_df,2281,1649,Naigaga,Naigaga,4,Tibasima,Tibasima,4,,,-1,1977-07-01,1977-07-01,5,2,2,1,0
29.655586319618525,0.9999999988175604,facility_df,house_df,2680,353,Bitu,Bitu,4,Peace,Peace,4,,,-1,1948-01-30,1948-01-23,3,2,2,1,0
29.655586319618525,0.9999999988175604,facility_df,house_df,2620,2358,Aziza,Aziza,4,Namugabwe,Namugabwe,4,,,-1,2018-11-08,2018-11-21,3,2,2,1,0
29.655586319618525,0.9999999988175604,facility_df,house_df,965,1076,Nakato,Nakato,4,Edinansi,Edinansi,4,Nalubega,,-1,1996-04-11,1996-05-01,3,2,2,1,0
29.655586319618525,0.9999999988175604,facility_df,house_df,1198,2358,Aziza,Aziza,4,Namugabwe,Namugabwe,4,,,-1,2018-11-08,2018-11-21,3,2,2,1,0
29.683672552123905,0.9999999988403574,facility_df,house_df,277,2525,Fatuma,Fatuma,4,Shadia,Shadia,4,,,-1,2006-05-23,2006-05-23,5,2,2,1,0
29.725975647509923,0.999999998873867,facility_df,house_df,2257,2359,Ntono,Ntono,4,Junika,Junika,4,,,-1,1983-10-13,1983-10-26,3,2,2,1,0
29.725975647509923,0.999999998873867,facility_df,house_df,1073,2499,Jamira,Jamira,4,Biido,Biido,4,,,-1,1993-11-25,1993-12-08,3,2,2,1,0
29.725975647509927,0.999999998873867,facility_df,house_df,332,3430,Namuwanga,Namuwanga,4,Mary,Mary,4,Nakkazi,,-1,1982-06-13,1982-06-26,3,2,2,1,0
29.725975647509927,0.999999998873867,facility_df,house_df,1672,1005,Naikoba,Naikoba,4,Ganafa,Ganafa,4,Nakato,,-1,2006-08-13,2006-09-02,3,2,2,1,0
29.725975647509927,0.999999998873867,facility_df,house_df,397,1005,Naikoba,Naikoba,4,Ganafa,Ganafa,4,Nakato,,-1,2006-08-13,2006-09-02,3,2,2,1,0
29.76250152353504,0.9999999989020203,facility_df,house_df,1089,3737,Victoria,Victoria,4,Praise,Praise,4,Atiko,,-1,1994-09-06,1994-09-19,3,2,2,1,0
29.76250152353504,0.9999999989020203,facility_df,house_df,346,3325,Margret,Margret,4,Bangi,Bangi,4,Nabbosa,,-1,1944-05-27,1944-04-30,3,2,2,1,0
29.764129708161068,0.9999999989032587,facility_df,house_df,2732,1863,Sandra,Sandra,4,Namasoga,Namasoga,4,Kiganda,,-1,1942-10-24,1942-10-04,4,2,2,1,0
29.76613471231588,0.999999998904782,facility_df,house_df,923,2162,Fatuma,Fatuma,4,Kyakuwaire,Kyakuwaire,4,,,-1,2015-08-30,2015-08-30,5,2,2,1,0
29.799976228953703,0.9999999989301737,facility_df,house_df,484,1215,Faima,Faima,4,Nkwanga,Nkwanga,4,Okot,,-1,1992-10-28,1992-11-10,3,2,2,1,0
29.827602345033274,0.9999999989504649,facility_df,house_df,1469,2310,Efulansi,Efulansi,4,Nabirye,Nabirye,4,,,-1,1983-02-17,1983-02-17,5,2,2,1,0
29.834262839349318,0.999999998955299,facility_df,house_df,2298,1142,Ukasha,Ukasha,4,Dauda,Dauda,4,Nankya,Kapere,0,1950-06-27,1950-07-10,3,1,1,1,0
29.834262839349318,0.999999998955299,facility_df,house_df,1258,3666,Amuli,Amuli,4,Kutesa,Kutesa,4,Amani,Gimei,0,1960-06-25,1960-07-15,3,1,1,1,0
29.834262839349318,0.999999998955299,facility_df,house_df,2880,1627,Takola,Takola,4,Vivian,Vivian,4,Aslan,Dina,0,1962-02-16,1962-01-27,3,2,2,1,0
29.87174490027648,0.9999999989820915,facility_df,house_df,2358,2354,Nakaziba,Nakaziba,4,Amina,Amina,4,,,-1,1952-12-01,1952-12-01,5,2,2,1,0
29.877978740954976,0.9999999989864803,facility_df,house_df,285,748,Rebecca,Rebecca,4,Hafuswa,Hafuswa,4,Bitature,,-1,1936-04-30,1936-05-13,3,2,2,1,0
29.877978740954976,0.9999999989864803,facility_df,house_df,1370,295,Nanfuka,Nanfuka,4,Mudondo,Mudondo,4,,,-1,1964-09-08,1964-09-21,3,2,2,1,0
29.877978740954976,0.9999999989864803,facility_df,house_df,863,2472,Namugwana,Namugwana,4,Nalubanga,Nalubanga,4,,,-1,2003-11-16,2003-11-29,3,2,2,1,0
29.877978740954976,0.9999999989864803,facility_df,house_df,520,3693,Haifa,Haifa,4,Hajira,Hajira,4,Angoma,,-1,1939-01-21,1939-01-14,3,2,2,1,0
29.877978740954976,0.9999999989864803,facility_df,house_df,1635,2782,Aidha,Aidha,4,Nakiganda,Nakiganda,4,,,-1,1972-11-27,1972-12-02,3,2,2,1,0
29.89533814417955,0.9999999989986025,facility_df,house_df,38,3845,Naigaga,Naigaga,4,Nakaziba,Nakaziba,4,Bintu,Bintu,4,1998-04-08,1998-04-21,3,2,2,1,0
29.90703681252768,0.9999999990066899,facility_df,house_df,589,3054,Nakalema,Nakalema,4,Mutesi,Mutesi,4,,,-1,1938-09-13,1938-09-13,5,2,2,1,0
29.91058721501089,0.9999999990091314,facility_df,house_df,2896,291,Shakalu,Shakulu,3,Musa,Musa,4,Mugabi,Mugabi,4,1969-09-26,1969-10-09,3,1,1,1,1
29.91058721501089,0.9999999990091314,facility_df,house_df,1824,291,Shakalu,Shakulu,3,Musa,Musa,4,Mugabi,Mugabi,4,1969-09-26,1969-10-09,3,1,1,1,1
29.91862072545232,0.9999999990146337,facility_df,house_df,69,411,Nuulu,Nuulu,4,Kiiza,Kiiza,4,,,-1,1943-03-07,1943-02-28,3,2,2,1,0
29.91862072545232,0.9999999990146337,facility_df,house_df,114,1551,Alima,Alima,4,Precious,Precious,4,Alibhai,,-1,1979-09-28,1979-10-11,3,2,2,1,0
29.91862072545232,0.9999999990146337,facility_df,house_df,1829,1661,Rahim,Rahim,4,Annet,Annet,4,Awori,,-1,1971-07-31,1971-08-13,3,2,2,1,0
29.91862072545232,0.9999999990146337,facility_df,house_df,766,1661,Rahim,Rahim,4,Annet,Annet,4,Awori,,-1,1971-07-31,1971-08-13,3,2,2,1,0
29.953272391290675,0.999999999038019,facility_df,house_df,1939,2362,Nabirye,Nabirye,4,Mutesi,Mutesi,4,Saba,Saba,4,1951-05-17,1951-05-30,3,2,2,1,0
29.9696213499057,0.9999999990488587,facility_df,house_df,2572,3188,Nabirye,Nabirye,4,Aidhati,Aidhati,4,,,-1,2005-12-22,2005-12-22,5,2,2,1,0
29.986265932794367,0.9999999990597691,facility_df,house_df,741,32,Kasujja,Kasujja,4,Alufanu,Alufanu,4,Nkwanzi,Kulubya,0,1978-03-31,1978-04-20,3,1,1,1,0
29.986265932794367,0.9999999990597691,facility_df,house_df,1667,1208,Muyende,Muyende,4,Jowali,Jowali,4,Nyanzi,Kalyesubula,0,2020-08-19,2020-09-08,3,1,1,1,0
29.986265932794367,0.9999999990597691,facility_df,house_df,76,32,Kasujja,Kasujja,4,Alufanu,Alufanu,4,Nkwanzi,Kulubya,0,1978-03-31,1978-04-20,3,1,1,1,0
29.986265932794367,0.9999999990597691,facility_df,house_df,86,3406,Ndase,Ndase,4,Mulwasira,Mulwasira,4,Nakato,Inho,0,1984-05-31,1984-06-13,3,1,1,1,0
29.986265932794367,0.9999999990597691,facility_df,house_df,1379,3966,Nampina,Nampina,4,Minina,Minina,4,Kigongo,Chanya,0,1976-03-02,1976-02-24,3,2,2,1,0
29.986265932794367,0.9999999990597691,facility_df,house_df,818,1138,Faibe,Faibe,4,Nanjiya,Nanjiya,4,Nandawula,Bintu,0,1990-05-27,1990-06-09,3,2,2,1,0
29.989298834682167,0.9999999990617436,facility_df,house_df,1154,306,Zulaika,Zulaika,4,Nakaziba,Nakaziba,4,,,-1,1932-08-31,1932-08-31,5,2,2,1,0
29.989298834682167,0.9999999990617436,facility_df,house_df,2602,3939,Zawumina,Zawumina,4,Nakaziba,Nakaziba,4,,,-1,1959-10-04,1959-10-04,5,2,2,1,0
30.009248424026413,0.9999999990746286,facility_df,house_df,407,541,Nakaziba,Nakaziba,4,Racheal,Racheal,4,,,-1,2002-06-02,2002-06-02,5,2,2,1,0
30.04234190144277,0.9999999990956138,facility_df,house_df,2757,1735,Dalilu,Dalilu,4,Nicholas,Nicholas,4,Batumula,Hamuza,0,1934-08-24,1934-08-04,4,1,1,1,0
30.04234190144277,0.9999999990956138,facility_df,house_df,596,2570,Mpaata,Mpaata,4,Badiru,Badiru,4,Awule,Lubega,0,2023-04-05,2023-04-25,4,1,1,1,0
30.046242631508616,0.9999999990980557,facility_df,house_df,1897,83,Babirye,Babirye,4,Sulaina,Sulaina,4,,,-1,1939-09-17,1939-09-17,5,2,2,1,0
30.04790374239729,0.9999999990990937,facility_df,house_df,2861,2053,Mugala,Mugala,4,Biryeri,Biryeri,4,Nalubega,,-1,1941-09-18,1941-10-08,3,2,2,1,0
30.04790374239729,0.9999999990990937,facility_df,house_df,673,673,Zahara,Zahara,4,Joan,Joan,4,Ayugi,,-1,1945-08-12,1945-08-25,3,2,2,1,0
30.04999476636972,0.9999999991003984,facility_df,house_df,1649,891,Jenipher,Jenipher,4,Nabirye,Nabirye,4,,,-1,2020-08-30,2020-08-30,5,2,2,1,0
30.06510165875993,0.9999999991097693,facility_df,house_df,1502,3007,Rose,Rose,4,Shanita,Shanita,4,,,-1,1930-03-31,1930-03-31,5,2,2,1,0
30.08806280720324,0.9999999991238255,facility_df,house_df,2050,248,Hadija,Hadija,4,Tracy,Tracy,4,,,-1,1954-07-08,1954-07-08,5,2,2,1,0
30.08806280720324,0.9999999991238255,facility_df,house_df,1470,803,Hadija,Hadija,4,Shaluwa,Shaluwa,4,,,-1,2026-10-14,2026-10-14,5,2,2,1,0
30.08806280720324,0.9999999991238255,facility_df,house_df,1391,1416,Hadija,Hadija,4,Halima,Halima,4,,,-1,1961-03-14,1961-03-14,5,2,2,1,0
30.13145810709303,0.9999999991497879,facility_df,house_df,2784,839,Naibinga,Naibinga,4,Hajarah,Hajarah,4,Kamau,Kala,1,1959-08-12,1959-07-12,4,2,2,1,0
30.14101314678877,0.9999999991554003,facility_df,house_df,399,298,Faith,Faith,4,Favour,Favour,4,,,-1,1950-11-12,1950-11-25,3,2,2,1,0
30.15619093423668,0.9999999991642392,facility_df,house_df,713,1640,Mebra,Mebra,4,Akachilizi,Akachilizi,4,Atito,Vira,0,1993-08-17,1993-08-30,3,2,2,1,0
30.15619093423668,0.9999999991642392,facility_df,house_df,643,1209,Shanick,Shanick,4,Zuluuta,Zuluuta,4,Nyende,Gia,0,2003-04-14,2003-04-27,3,2,2,1,0
30.15619093423668,0.9999999991642392,facility_df,house_df,2419,620,Naibira,Naibira,4,Hatika,Hatika,4,Asasira,Bria,0,1942-09-26,1942-10-09,3,2,2,1,0
30.15619093423668,0.9999999991642392,facility_df,house_df,239,2949,Saadi,Saadi,4,Mukungu,Mukungu,4,Alaso,Mukasa,0,2007-04-19,2007-05-02,3,1,1,1,0
30.15619093423668,0.9999999991642392,facility_df,house_df,1861,3065,Musasizi,Musasizi,4,Mwangu,Mwangu,4,Ayebare,Eriaku,0,1973-08-19,1973-08-04,3,1,1,1,0
30.15619093423668,0.9999999991642392,facility_df,house_df,19,3363,Wanyenya,Wanyenya,4,Nakwanga,Nakwanga,4,Nakalanzi,Nola,0,1987-10-14,1987-11-03,3,2,2,1,0
30.15619093423668,0.9999999991642392,facility_df,house_df,716,1706,Razia,Razia,4,Movia,Movia,4,Balimwezo,Kira,0,2006-02-13,2006-02-26,3,2,2,1,0
30.15619093423668,0.9999999991642392,facility_df,house_df,2033,2598,Huda,Huda,4,Zubeda,Zubeda,4,Basigye,Nira,0,1954-09-25,1954-10-15,3,2,2,1,0
30.15619093423668,0.9999999991642392,facility_df,house_df,2544,521,Gatisa,Gatisa,4,Gonza,Gonza,4,Afayo,Lwanga,0,2017-09-05,2017-09-18,3,1,1,1,0
30.15619093423668,0.9999999991642392,facility_df,house_df,2101,2505,Opolot,Opolot,4,Kiganda,Kiganda,4,Achuma,Mugenzi,0,1990-02-05,1990-02-18,3,1,1,1,0
30.198245724953665,0.9999999991882501,facility_df,house_df,483,2584,Fatiya,Fatiya,4,Namaganda,Namaganda,4,,,-1,1984-04-25,1984-04-25,5,2,2,1,0
30.20869251238878,0.999999999194107,facility_df,house_df,296,2540,Nangobi,Nangobi,4,Alamina,Alamina,4,,,-1,2004-08-05,2004-08-05,5,2,2,1,0
30.21710475220498,0.9999999991987923,facility_df,house_df,893,3899,Madina,Madina,4,Nakadama,Nakadama,4,,,-1,2021-11-13,2021-11-13,5,2,2,1,0
30.240548820339683,0.9999999992117069,facility_df,house_df,1753,3451,Nakizibu,Nakizibu,4,Catherine,Catherine,4,Nalubega,,-1,1954-09-20,1954-10-03,3,2,2,1,0
30.240548820339683,0.9999999992117069,facility_df,house_df,235,3451,Nakizibu,Nakizibu,4,Catherine,Catherine,4,Nalubega,,-1,1954-09-20,1954-10-03,3,2,2,1,0
30.26209220697829,0.9999999992233908,facility_df,house_df,1245,3102,Namususwa,Namususwa,4,Halima,Halima,4,,,-1,1961-01-09,1961-01-09,5,2,2,1,0
30.29301624023382,0.9999999992398603,facility_df,house_df,273,542,Sofia,Sofia,4,Saida,Saida,4,Akol,,-1,2002-03-01,2002-03-14,3,2,2,1,0
30.29301624023382,0.9999999992398603,facility_df,house_df,1250,3633,Kyoyagara,Kyoyagara,4,Namukwana,Namukwana,4,Ahadi,,-1,1951-11-02,1951-11-15,3,2,2,1,0
30.29301624023382,0.9999999992398603,facility_df,house_df,859,3633,Kyoyagara,Kyoyagara,4,Namukwana,Namukwana,4,Ahadi,,-1,1951-11-02,1951-11-15,3,2,2,1,0
30.322074311806524,0.9999999992550175,facility_df,house_df,926,1644,Naiboka,Naiboka,4,Nangobi,Nangobi,4,,,-1,1953-11-30,1953-11-30,5,2,2,1,0
30.347464024256194,0.9999999992680135,facility_df,house_df,366,728,Brenda,Brenda,4,Ziriat,Ziriat,4,Basiima,,-1,2024-02-10,2024-02-03,3,2,2,1,0
30.347464024256194,0.9999999992680135,facility_df,house_df,942,124,Brenda,Brenda,4,Nanyanga,Nanyanga,4,Kiwanuka,,-1,1975-01-12,1975-01-05,3,2,2,1,0
30.347464024256194,0.9999999992680135,facility_df,house_df,2872,1044,Nubuwati,Nubuwati,4,Dorothy,Dorothy,4,Nalo,,-1,2010-12-04,2010-12-17,3,2,2,1,0
30.38914019363724,0.9999999992888565,facility_df,house_df,465,2049,Maganda,Maganda,4,,,-1,Masiko,Masiko,4,2009-05-08,2009-05-08,5,1,1,1,0
30.40404755262256,0.9999999992961669,facility_df,house_df,1801,3201,Kubona,Kubona,4,Namugosa,Namugosa,4,Ekwamu,,-1,1996-02-18,1996-03-02,3,2,2,1,0
30.46294124167613,0.9999999993243202,facility_df,house_df,887,1033,Afua,Afua,4,Biryeri,Biryeri,4,Nakulabye,,-1,1982-09-02,1982-09-15,3,2,2,1,0
30.46294124167613,0.9999999993243202,facility_df,house_df,210,1576,Nakiyuka,Nakiyuka,4,Namugere,Namugere,4,Ampuri,,-1,1949-07-29,1949-08-11,3,2,2,1,0
30.46294124167613,0.9999999993243202,facility_df,house_df,1336,2562,Ziyada,Ziyada,4,Faith,Faith,4,Awali,,-1,1961-01-21,1961-01-14,3,2,2,1,0
30.46294124167613,0.9999999993243202,facility_df,house_df,1480,3458,Nankya,Nankya,4,Nakakande,Nakakande,4,Nalubega,,-1,1971-01-21,1970-12-30,3,2,2,1,0
30.46294124167613,0.9999999993243202,facility_df,house_df,1563,3864,Namudiba,Namudiba,4,Latifa,Latifa,4,Bulimu,,-1,1976-01-22,1976-01-15,3,2,2,1,0
30.46294124167613,0.9999999993243202,facility_df,house_df,2832,1068,Angela,Angela,4,Edisa,Edisa,4,Nalubega,,-1,1976-11-06,1976-10-10,3,2,2,1,0
30.46294124167613,0.9999999993243202,facility_df,house_df,796,3291,Shafika,Shafika,4,Kakoose,Kakoose,4,Kizito,,-1,1954-08-16,1954-08-29,3,2,2,1,0
30.46294124167613,0.9999999993243202,facility_df,house_df,638,3864,Namudiba,Namudiba,4,Latifa,Latifa,4,Bulimu,,-1,1976-01-22,1976-01-15,3,2,2,1,0
30.465032265648567,0.9999999993252988,facility_df,house_df,1670,862,Namuwaya,Namuwaya,4,Rashida,Rashida,4,,,-1,1992-11-26,1992-11-26,5,2,2,1,0
30.46822276662525,0.9999999993267893,facility_df,house_df,2283,202,Hadija,Hadija,4,Babirye,Babirye,4,Sama,Sama,4,2009-12-27,2009-12-20,4,2,2,1,0
30.505674250145912,0.9999999993440405,facility_df,house_df,2566,2196,Naiwumbwe,Naiwumbwe,4,Margret,Margret,4,,,-1,1956-04-21,1956-04-21,5,2,2,1,0
30.505674250145912,0.9999999993440405,facility_df,house_df,2698,2890,Rose,Rose,4,Namukose,Namukose,4,,,-1,2023-02-20,2023-02-20,5,2,2,1,0
30.51601619436737,0.999999999348726,facility_df,house_df,1912,79,Nakito,Nakito,4,Naigaga,Naigaga,4,,,-1,1986-08-08,1986-08-08,5,2,2,1,0
30.51601619436737,0.999999999348726,facility_df,house_df,2331,3470,Natasha,Natasha,4,Naigaga,Naigaga,4,,,-1,1935-02-14,1935-02-14,5,2,2,1,0
30.542200126171025,0.9999999993604395,facility_df,house_df,2415,1054,Hasifa,Hasifa,4,Mariam,Mariam,4,,,-1,1935-02-07,1935-02-07,5,2,2,1,0
30.558141670040047,0.9999999993674676,facility_df,house_df,1471,2648,Shanita,Shanita,4,Shamimu,Shamimu,4,,,-1,1934-03-19,1934-03-19,5,2,2,1,0
30.57122843351552,0.9999999993731794,facility_df,house_df,378,30,Jamali,Jamali,4,Balyesa,Balyesa,4,Omutima,Kazi,0,1974-05-01,1974-04-06,3,1,1,1,0
30.57122843351552,0.9999999993731794,facility_df,house_df,2511,914,Allan,Allan,4,Kaswabuli,Kaswabuli,4,Matano,Nakyejwe,0,2005-06-20,2005-06-13,3,1,1,1,0
30.57122843351552,0.9999999993731794,facility_df,house_df,784,1188,Nakakawa,Nakakawa,4,Sophie,Sophie,4,Nsereko,Ranya,0,1991-03-20,1991-04-02,3,2,2,1,0
30.57122843351552,0.9999999993731794,facility_df,house_df,1609,1197,Alafat,Alafat,4,Kibazo,Kibazo,4,Nsibambi,Jjingo,0,1967-02-14,1967-02-27,3,1,1,1,0
30.57122843351552,0.9999999993731794,facility_df,house_df,799,1746,Kyagonga,Kyagonga,4,Mudhuri,Mudhuri,4,Bisaso,Mande,0,1985-10-31,1985-10-24,3,1,1,1,0
30.57122843351552,0.9999999993731794,facility_df,house_df,1757,1848,Sande,Sande,4,Opala,Opala,4,Katikkiro,Kimeze,0,1959-06-15,1959-06-28,3,1,1,1,0
30.57122843351552,0.9999999993731794,facility_df,house_df,726,3503,Magidu,Magidu,4,Orute,Orute,4,Namaganda,Najjemba,0,1953-02-01,1953-01-25,3,1,1,1,0
30.57122843351552,0.9999999993731794,facility_df,house_df,2853,3927,Sembattya,Sembattya,4,Magoola,Magoola,4,Jangu,Kaoma,0,1932-09-11,1932-10-01,3,1,1,1,0
30.57122843351552,0.9999999993731794,facility_df,house_df,1165,814,Rakibu,Rakibu,4,Saadi,Saadi,4,Ggamba,Mugasha,0,1960-06-22,1960-06-15,3,1,1,1,0
30.57122843351552,0.9999999993731794,facility_df,house_df,1883,2164,Sooka,Sooka,4,Sadiki,Sadiki,4,Ndugga,Eriaku,0,1996-01-19,1996-02-01,3,1,1,1,0
30.57122843351552,0.9999999993731794,facility_df,house_df,2778,3497,Asa,Asa,4,Adiya,Adiya,4,Nalukwago,Yara,0,1952-10-28,1952-11-10,3,2,2,1,0
30.57122843351552,0.9999999993731794,facility_df,house_df,513,2159,Tagoole,Tagoole,4,Asirafu,Asirafu,4,Nanziri,Kalyesubula,0,2017-08-14,2017-08-27,3,1,1,1,0
30.574261335403325,0.9999999993744958,facility_df,house_df,1145,2682,Saluwa,Saluwa,4,Nakaziba,Nakaziba,4,,,-1,1958-07-28,1958-07-28,5,2,2,1,0
30.582434695922366,0.9999999993780294,facility_df,house_df,780,203,Fatuma,Fatuma,4,Mutesi,Mutesi,4,Kirabo,Kirabo,4,1957-12-26,1957-11-29,3,2,2,1,0
30.58847212375999,0.9999999993806269,facility_df,house_df,2801,216,Mary,Mary,4,Sofua,Sofua,4,,,-1,1953-06-10,1953-06-23,3,2,2,1,0
30.58847212375999,0.9999999993806269,facility_df,house_df,2384,1350,Rashida,Rashida,4,Tibamulala,Tibamulala,4,,,-1,1958-01-17,1958-01-30,3,2,2,1,0
30.58847212375999,0.9999999993806269,facility_df,house_df,1588,3387,Namukobe,Namukobe,4,Kasubo,Kasubo,4,Nakato,,-1,1941-07-12,1941-07-25,3,2,2,1,0
30.590563147732425,0.999999999381524,facility_df,house_df,87,3983,Namulondo,Namulondo,4,Sumaya,Sumaya,4,,,-1,1951-08-10,1951-08-10,5,2,2,1,0
30.655586319618525,0.9999999994087801,facility_df,house_df,2426,2977,Naume,Naume,4,Sirina,Sirina,4,Amuge,,-1,2003-03-23,2003-04-05,3,2,2,1,0
30.655586319618525,0.9999999994087801,facility_df,house_df,394,3151,Maimuna,Maimuna,4,Nakayega,Nakayega,4,Biyago,,-1,1961-07-31,1961-08-20,3,2,2,1,0
30.6865900355062,0.99999999942135,facility_df,house_df,1455,2943,Kawala,Kawala,4,Shanita,Shanita,4,,,-1,1942-01-17,1942-01-17,5,2,2,1,0
30.700020229071228,0.9999999994267117,facility_df,house_df,1835,1322,Sanala,Sanula,3,Saida,Saida,4,Panda,Panda,4,1989-05-30,1989-06-12,3,2,2,1,1
30.725975647509923,0.9999999994369335,facility_df,house_df,2828,3679,Nakiranda,Nakiranda,4,Twahira,Twahira,4,Amukam,,-1,2003-03-23,2003-04-12,3,2,2,1,0
30.725975647509927,0.9999999994369335,facility_df,house_df,1393,3282,Abbo,Abbo,4,Shatra,Shatra,4,Kisanja,,-1,1934-04-16,1934-05-06,3,2,2,1,0
30.725975647509927,0.9999999994369335,facility_df,house_df,267,1864,Namwigalo,Namwigalo,4,Namaleh,Namaleh,4,Kiganda,,-1,1976-03-26,1976-04-08,3,2,2,1,0
30.749260893751483,0.9999999994459485,facility_df,house_df,870,3356,Nakagolo,Nakagolo,4,Nabutanda,Nabutanda,4,,,-1,1945-04-25,1945-04-25,5,2,2,1,0
30.764129708161068,0.9999999994516294,facility_df,house_df,1320,1668,Namukubembe,Namukubembe,4,Mayimuna,Mayimuna,4,Ayebo,,-1,1971-11-06,1971-11-26,4,2,2,1,0
30.78320822567482,0.9999999994588334,facility_df,house_df,1675,2014,Mariam,Mariam,4,Irene,Irene,4,,,-1,1979-04-23,1979-04-23,5,2,2,1,0
30.78918497844061,0.9999999994610708,facility_df,house_df,1453,1385,Hassan,Hassan,4,,,-1,Nakyejwe,Nakyejwe,4,1983-06-18,1983-06-18,5,1,1,1,0
30.82117607587384,0.9999999994728898,facility_df,house_df,2098,1229,Zabina,Zabina,4,Shadia,Shadia,4,,,-1,1989-04-08,1989-04-08,5,2,2,1,0
30.877978740954976,0.9999999994932401,facility_df,house_df,1178,1909,Samira,Samira,4,Esther,Esther,4,Malaika,,-1,1933-05-26,1933-05-19,3,2,2,1,0
30.877978740954976,0.9999999994932401,facility_df,house_df,60,1545,Hailati,Hailati,4,Sakira,Sakira,4,Akumu,,-1,1959-03-16,1959-02-24,3,2,2,1,0
30.877978740954976,0.9999999994932401,facility_df,house_df,944,1778,Kyeroti,Kyeroti,4,Shube,Shube,4,Bwino,,-1,2010-05-29,2010-06-11,3,2,2,1,0
30.877978740954976,0.9999999994932401,facility_df,house_df,137,174,Christina,Christina,4,Nabukalu,Nabukalu,4,Malaika,,-1,1985-08-15,1985-08-28,3,2,2,1,0
30.886764417501418,0.9999999994963168,facility_df,house_df,2102,357,Nangobi,Nangobi,4,Shureya,Shureya,4,,,-1,1974-02-12,1974-02-12,5,2,2,1,0
30.923379044999574,0.9999999995089391,facility_df,house_df,367,1971,Shaban,Shaban,4,Kalosi,Kalosi,4,Nakalanzi,Nakulima,1,1978-01-12,1978-01-25,3,1,1,1,0
30.927598135009994,0.9999999995103731,facility_df,house_df,18,3186,Hajara,Hajara,4,Namusubo,Namusubo,4,,,-1,1955-12-02,1955-12-02,5,2,2,1,0
30.93405470960338,0.9999999995125595,facility_df,house_df,1740,2343,Tahamida,Tahamida,4,Rukia,Rukia,4,,,-1,2025-10-18,2025-10-11,4,2,2,1,0
30.97317916931889,0.9999999995256007,facility_df,house_df,613,1535,Sulaina,Sulaina,4,Kagoya,Kagoya,4,,,-1,1947-02-12,1947-02-12,5,2,2,1,0
30.97317916931889,0.9999999995256007,facility_df,house_df,1350,2956,Shanita,Shanita,4,Namwase,Namwase,4,,,-1,2000-11-22,2000-11-22,5,2,2,1,0
31.009248424026413,0.9999999995373143,facility_df,house_df,823,2742,Nakaziba,Nakaziba,4,Zulah,Zulah,4,,,-1,2011-01-22,2011-01-22,5,2,2,1,0
31.04790374239729,0.9999999995495468,facility_df,house_df,294,334,Shanifa,Shanifa,4,Namukooya,Namukooya,4,,,-1,1953-03-18,1953-03-31,3,2,2,1,0
31.04790374239729,0.9999999995495468,facility_df,house_df,1041,1973,Hudaiya,Hudaiya,4,Nakisige,Nakisige,4,Nakalanzi,,-1,2017-01-26,2017-02-08,3,2,2,1,0
31.04790374239729,0.9999999995495468,facility_df,house_df,2187,2776,Mwajuma,Mwajuma,4,Namayinde,Namayinde,4,,,-1,1937-10-25,1937-11-07,3,2,2,1,0
31.04790374239729,0.9999999995495468,facility_df,house_df,78,1973,Hudaiya,Hudaiya,4,Nakisige,Nakisige,4,Nakalanzi,,-1,2017-01-26,2017-02-08,3,2,2,1,0
31.04790374239729,0.9999999995495468,facility_df,house_df,24,3601,Amulasi,Amulasi,4,Sumini,Sumini,4,Abasi,,-1,1961-03-21,1961-03-14,3,2,2,1,0
31.04999476636972,0.9999999995501992,facility_df,house_df,128,4111,Sharita,Sharita,4,Nabirye,Nabirye,4,,,-1,1981-03-18,1981-03-18,5,2,2,1,0
31.04999476636972,0.9999999995501992,facility_df,house_df,130,1996,Kagoya,Kagoya,4,Naula,Naula,4,,,-1,2000-07-12,2000-07-12,5,2,2,1,0
31.06259030845594,0.9999999995541091,facility_df,house_df,1621,304,Kamalali,Kamulali,3,Muzafaru,Muzafaru,4,Mukembo,Mukembo,4,1997-07-18,1997-07-31,3,1,1,1,1
31.072714842869807,0.9999999995572274,facility_df,house_df,2389,3901,Bafumba,Bafumba,4,Namaganda,Namaganda,4,,,-1,2007-03-02,2007-03-02,5,2,2,1,0
31.084210481707636,0.9999999995607414,facility_df,house_df,707,2583,Mutesi,Mutesi,4,Nsweza,Nsweza,4,,,-1,1993-05-21,1993-05-21,5,2,2,1,0
31.124488605174232,0.9999999995728354,facility_df,house_df,1149,236,Babirye,Babirye,4,Nakagolo,Nakagolo,4,Afia,Afia,4,2000-03-26,2000-04-08,3,2,2,1,0
31.130221896275675,0.9999999995745296,facility_df,house_df,2382,209,Fatina,Fatina,4,,,-1,Ola,Ola,4,1981-02-07,1981-02-07,5,2,2,1,0
31.15619093423668,0.9999999995821196,facility_df,house_df,717,23,Nalujja,Nalujja,4,Veronica,Veronica,4,Najja,Nima,0,2017-08-28,2017-09-10,3,2,2,1,0
31.15619093423668,0.9999999995821196,facility_df,house_df,2837,66,Owere,Owere,4,Muwendha,Muwendha,4,Ngozi,Nakiwala,0,1990-07-18,1990-07-31,3,1,1,1,0
31.15619093423668,0.9999999995821196,facility_df,house_df,101,811,Kusaini,Kusaini,4,Kule,Kule,4,Gamba,Ayoo,0,2013-04-23,2013-05-06,3,1,1,1,0
31.15619093423668,0.9999999995821196,facility_df,house_df,1628,887,Materida,Materida,4,Kyebalyenda,Kyebalyenda,4,Kiwanuka,Gia,0,1969-10-12,1969-11-14,3,2,2,1,0
31.15619093423668,0.9999999995821196,facility_df,house_df,1210,1533,Mutatya,Mutatya,4,Kaliniise,Kaliniise,4,Ahadi,Echodu,0,2018-05-27,2018-05-16,3,1,1,1,0
31.15619093423668,0.9999999995821196,facility_df,house_df,2679,1543,Mujalasa,Mujalasa,4,Maidho,Maidho,4,Akoni,Kamoga,0,1970-03-15,1970-03-28,3,1,1,1,0
31.15619093423668,0.9999999995821196,facility_df,house_df,2396,1692,Bumaali,Bumaali,4,Hatimu,Hatimu,4,Bakari,Kyangwa,0,1989-10-23,1989-11-05,3,1,1,1,0
31.15619093423668,0.9999999995821196,facility_df,house_df,1475,189,Stella,Stella,4,Shifura,Shifura,4,Nalukenge,Wazi,0,1969-09-22,1969-10-05,3,2,2,1,0
31.15619093423668,0.9999999995821196,facility_df,house_df,1744,973,Mubezi,Mubezi,4,Briton,Briton,4,Nakalanzi,Uma,0,2007-04-30,2007-05-13,3,2,2,1,0
31.15619093423668,0.9999999995821196,facility_df,house_df,2787,1077,Sumaima,Sumaima,4,Suleya,Suleya,4,Nalubowa,Hara,0,2026-09-27,2026-10-17,3,2,2,1,0
31.15619093423668,0.9999999995821196,facility_df,house_df,920,1883,Kamera,Kamera,4,Bukumbi,Bukumbi,4,Kisekka,Kasibante,0,1935-02-03,1935-01-27,3,1,1,1,0
31.15619093423668,0.9999999995821196,facility_df,house_df,1695,2094,Treva,Treva,4,Walube,Walube,4,Nalukwago,Kamya,0,1977-12-11,1977-12-24,3,1,1,1,0
31.15619093423668,0.9999999995821196,facility_df,house_df,995,3055,Kenedi,Kenedi,4,Sharifu,Sharifu,4,Awiti,Kulumba,0,1939-02-17,1939-03-02,3,1,1,1,0
31.15619093423668,0.9999999995821196,facility_df,house_df,1892,3174,Muzaifa,Muzaifa,4,Ayub,Ayub,4,Bwana,Apolo,0,1940-03-15,1940-04-04,3,1,1,1,0
31.15619093423668,0.9999999995821196,facility_df,house_df,1857,2123,Kisige,Kisige,4,Okasha,Okasha,4,Nambooze,Mukwaya,0,1947-12-14,1947-12-27,3,1,1,1,0
31.15619093423668,0.9999999995821196,facility_df,house_df,2755,1708,Samson,Samson,4,Edger,Edger,4,Balinda,Matovu,0,1954-11-30,1954-12-13,3,1,1,1,0
31.15619093423668,0.9999999995821196,facility_df,house_df,762,772,Salim,Salim,4,Lulenti,Lulenti,4,Buyungo,Mwijukye,0,2001-12-09,2001-12-22,3,1,1,1,0
31.15619093423668,0.9999999995821196,facility_df,house_df,2791,3366,Rashidi,Rashidi,4,Nantamu,Nantamu,4,Nakalanzi,Kanakulya,0,1940-08-26,1940-08-19,3,1,1,1,0
31.15619093423668,0.9999999995821196,facility_df,house_df,2659,2611,Ludiga,Ludiga,4,Mwagu,Mwagu,4,Boaz,Buyinza,0,1970-09-29,1970-10-04,3,1,1,1,0
31.229815803954533,0.9999999996029102,facility_df,house_df,2398,3323,Naigaga,Naigaga,4,Namulwasira,Namulwasira,4,,,-1,2000-08-29,2000-08-29,5,2,2,1,0
31.240548820339683,0.9999999996058535,facility_df,house_df,1137,2059,Zefa,Zefa,4,Shamida,Shamida,4,Nalubega,,-1,1961-10-29,1961-11-11,3,2,2,1,0
31.240548820339683,0.9999999996058535,facility_df,house_df,2130,2233,Nantongo,Nantongo,4,Deborah,Deborah,4,Ssubi,,-1,2002-11-18,2002-12-01,3,2,2,1,0
31.240548820339683,0.9999999996058535,facility_df,house_df,54,2688,Naima,Naima,4,Nakilanda,Nakilanda,4,,,-1,1931-11-23,1931-11-16,3,2,2,1,0
31.240548820339683,0.9999999996058535,facility_df,house_df,1620,1091,Shube,Shube,4,Tibasabwa,Tibasabwa,4,Nalukenge,,-1,1994-02-15,1994-02-08,3,2,2,1,0
31.242639844312116,0.9999999996064243,facility_df,house_df,1180,1150,Kagoya,Kagoya,4,Rose,Rose,4,,,-1,1956-03-28,1956-03-28,5,2,2,1,0
31.268635052845063,0.9999999996134524,facility_df,house_df,570,3171,Fatuma,Fatuma,4,Rashim,Rashim,4,,,-1,1985-07-20,1985-07-20,5,2,2,1,0
31.281767660260453,0.9999999996169552,facility_df,house_df,145,1410,Nakaziba,Nakaziba,4,Naisanga,Naisanga,4,Vara,Vara,4,1972-07-10,1972-07-30,4,2,2,1,0
31.29956691239695,0.999999999621652,facility_df,house_df,55,853,Justine,Justine,4,Patience,Patience,4,,,-1,1959-08-31,1959-08-31,5,2,2,1,0
31.30404038897626,0.9999999996228233,facility_df,house_df,552,2462,Zaina,Zaina,4,Sheira,Sheira,4,,,-1,1931-02-28,1931-02-28,5,2,2,1,0
31.313029172203514,0.9999999996251661,facility_df,house_df,1272,3813,Kaudha,Kaudha,4,Kirabira,Kirabira,4,,,-1,1978-12-24,1978-12-24,5,2,2,1,0
31.3357492487036,0.9999999996310228,facility_df,house_df,1448,2317,Jalira,Jalira,4,Namaganda,Namaganda,4,,,-1,2024-04-05,2024-04-05,5,2,2,1,0
31.34955504822863,0.9999999996345369,facility_df,house_df,1397,2245,Night,Night,4,Nakagolo,Nakagolo,4,,,-1,1983-05-05,1983-05-05,5,2,2,1,0
31.368170726395977,0.9999999996392223,facility_df,house_df,2316,3155,Fatiya,Fatiya,4,Namukose,Namukose,4,,,-1,1997-09-27,1997-09-27,5,2,2,1,0
31.406138576594998,0.9999999996485931,facility_df,house_df,1150,2996,Shakira,Shakira,4,Lydia,Lydia,4,,,-1,2003-08-29,2003-08-29,5,2,2,1,0
31.406138576594998,0.9999999996485931,facility_df,house_df,527,3565,Ruth,Ruth,4,Hailati,Hailati,4,,,-1,1957-05-10,1957-05-10,5,2,2,1,0
31.4600315845902,0.999999999661478,facility_df,house_df,1794,3181,Kamuyati,Kamuyati,4,Namukuve,Namukuve,4,,,-1,1979-08-21,1979-08-21,5,2,2,1,0
31.46294124167613,0.9999999996621601,facility_df,house_df,803,653,Laura,Laura,4,Lilian,Lilian,4,Awino,,-1,1959-08-10,1959-07-21,3,2,2,1,0
31.46294124167613,0.9999999996621601,facility_df,house_df,218,1453,Retisha,Retisha,4,Rashadi,Rashadi,4,,,-1,1976-02-05,1976-02-18,3,2,2,1,0
31.46294124167613,0.9999999996621601,facility_df,house_df,1864,2228,Afuwa,Afuwa,4,Tape,Tape,4,Ssebo,,-1,1968-11-13,1968-11-26,3,2,2,1,0
31.46294124167613,0.9999999996621601,facility_df,house_df,778,2222,Shaluwa,Shaluwa,4,Jumia,Jumia,4,Shadrack,,-1,1953-04-04,1953-04-17,3,2,2,1,0
31.46294124167613,0.9999999996621601,facility_df,house_df,2433,3769,Nasiba,Nasiba,4,Kwaza,Kwaza,4,Ayigi,,-1,2020-08-27,2020-09-16,3,2,2,1,0
31.47508593031249,0.9999999996649921,facility_df,house_df,2683,3149,Amina,Amina,4,Namulawa,Namulawa,4,,,-1,1947-06-28,1947-06-28,5,2,2,1,0
31.505674250145912,0.9999999996720202,facility_df,house_df,81,3674,Sarah,Sarah,4,Brenda,Brenda,4,,,-1,1947-04-15,1947-04-15,5,2,2,1,0
31.51601619436737,0.9999999996743629,facility_df,house_df,730,4042,Minsa,Minsa,4,Naigaga,Naigaga,4,,,-1,2002-05-12,2002-05-12,5,2,2,1,0
31.531669458678856,0.999999999677877,facility_df,house_df,392,405,Zaituna,Zaituna,4,Kalungi,Kalungi,4,,,-1,1995-09-16,1995-09-16,5,2,2,1,0
31.574261335403325,0.9999999996872478,facility_df,house_df,1307,1383,Salumina,Salumina,4,Nakaziba,Nakaziba,4,,,-1,1985-09-25,1985-09-25,5,2,2,1,0
31.57967483158969,0.9999999996884192,facility_df,house_df,837,4053,Madina,Madina,4,Namukasa,Namukasa,4,,,-1,1950-03-21,1950-03-21,5,2,2,1,0
31.580438613318556,0.9999999996885841,facility_df,house_df,1587,491,Abdal,Abdul,3,Charles,Charles,4,Matovu,Matovu,4,2019-06-28,2019-07-11,3,1,1,1,1
31.618148979404324,0.9999999996966188,facility_df,house_df,2363,1947,Florence,Florence,4,Kawala,Kawala,4,,,-1,1945-01-16,1945-01-16,5,2,2,1,0
31.63495726709088,0.9999999997001328,facility_df,house_df,220,2689,Siidah,Siidah,4,Nabirye,Nabirye,4,,,-1,2003-01-23,2003-01-23,5,2,2,1,0
31.63954227594045,0.9999999997010843,facility_df,house_df,1584,2790,Nakaziba,Nakaziba,4,Shanita,Shanita,4,Xara,Xara,4,1949-11-10,1949-11-23,3,2,2,1,0
31.63954227594045,0.9999999997010843,facility_df,house_df,286,2790,Nakaziba,Nakaziba,4,Shanita,Shanita,4,Xara,Xara,4,1949-11-10,1949-11-23,3,2,2,1,0
31.650430592083186,0.9999999997033318,facility_df,house_df,1218,2854,Nakaziba,Nakaziba,4,Sumaya,Sumaya,4,Ziba,Ziba,4,1948-04-11,1948-04-24,3,2,2,1,0
31.65767734359096,0.9999999997048182,facility_df,house_df,1030,3596,Mwajabu,Mwajabu,4,Namaganda,Namaganda,4,,,-1,1957-01-16,1957-01-16,5,2,2,1,0
31.66917298242879,0.9999999997071609,facility_df,house_df,2460,2869,Mutesi,Mutesi,4,Abalyogera,Abalyogera,4,,,-1,1969-04-28,1969-04-28,5,2,2,1,0
31.674542412499484,0.9999999997082488,facility_df,house_df,1823,341,Mirabu,Mirabu,4,,,-1,Danda,Danda,4,1937-12-20,1937-12-20,5,2,2,1,0
31.68459607716341,0.9999999997102749,facility_df,house_df,1937,1881,Ibra,Ibra,4,,,-1,Kakooza,Kakooza,4,1967-03-01,1967-03-01,5,1,1,1,0
31.720876645901814,0.99999999971747,facility_df,house_df,1803,4115,Joshua,Joshua,4,Kasubi,Kasubi,4,Nakayiza,Najjuma,0,1990-08-23,1990-08-23,5,1,1,1,0
31.720876645901814,0.99999999971747,facility_df,house_df,1539,4115,Joshua,Joshua,4,Kasubi,Kasubi,4,Nakayiza,Najjuma,0,1990-08-23,1990-08-23,5,1,1,1,0
31.720876645901814,0.99999999971747,facility_df,house_df,593,4115,Joshua,Joshua,4,Kasubi,Kasubi,4,Nakayiza,Najjuma,0,1990-08-23,1990-08-23,5,1,1,1,0
31.725975647509923,0.9999999997184668,facility_df,house_df,583,2232,Irine,Irine,4,Laila,Laila,4,Ssenyonjo,,-1,2020-06-05,2020-06-18,3,2,2,1,0
31.725975647509927,0.9999999997184668,facility_df,house_df,2086,1550,Najala,Najala,4,Baada,Baada,4,Alele,,-1,2004-06-22,2004-05-26,3,2,2,1,0
31.725975647509927,0.9999999997184668,facility_df,house_df,2238,2795,Marriam,Marriam,4,Vivian,Vivian,4,,,-1,1975-04-13,1975-04-26,3,2,2,1,0
31.72806667148236,0.9999999997188745,facility_df,house_df,2545,389,Sarah,Sarah,4,Nakiganda,Nakiganda,4,,,-1,2025-11-27,2025-11-27,5,2,2,1,0
31.72806667148236,0.9999999997188745,facility_df,house_df,1969,3546,Kagoya,Kagoya,4,Naswiba,Naswiba,4,,,-1,1935-12-12,1935-12-12,5,2,2,1,0
31.72806667148236,0.9999999997188745,facility_df,house_df,438,1161,Sarah,Sarah,4,Namubiru,Namubiru,4,,,-1,2019-05-04,2019-05-04,5,2,2,1,0
31.72806667148236,0.9999999997188745,facility_df,house_df,1958,1343,Kagoya,Kagoya,4,Kamanda,Kamanda,4,,,-1,2011-06-02,2011-06-02,5,2,2,1,0
31.740139503782935,0.9999999997212172,facility_df,house_df,2217,1620,Halima,Halima,4,Kyakuwaire,Kyakuwaire,4,,,-1,2025-09-24,2025-09-24,5,2,2,1,0
31.740139503782935,0.9999999997212172,facility_df,house_df,2103,117,Halima,Halima,4,Kisakye,Kisakye,4,,,-1,1959-05-01,1959-05-01,5,2,2,1,0
31.776976271963306,0.9999999997282454,facility_df,house_df,94,1062,Nabirye,Nabirye,4,Tahamada,Tahamada,4,,,-1,1999-08-04,1999-08-04,5,2,2,1,0
31.78320822567482,0.9999999997294167,facility_df,house_df,888,3768,Namubiru,Namubiru,4,Sumaya,Sumaya,4,,,-1,1979-06-21,1979-06-21,5,2,2,1,0
31.802067252926136,0.9999999997329307,facility_df,house_df,2114,2469,Madina,Madina,4,Mirembe,Mirembe,4,,,-1,1966-10-25,1966-10-25,5,2,2,1,0
31.81477830467569,0.9999999997352735,facility_df,house_df,899,4043,Naigaga,Naigaga,4,Nandiyi,Nandiyi,4,,,-1,1988-11-30,1988-11-30,5,2,2,1,0
31.826088176484262,0.9999999997373407,facility_df,house_df,2136,2707,Nakaziba,Nakaziba,4,Tibasima,Tibasima,4,Bria,Bria,4,1969-06-08,1969-06-28,4,2,2,1,0
31.827602345033274,0.9999999997376162,facility_df,house_df,1956,1063,Edinansi,Edinansi,4,Nakiranda,Nakiranda,4,,,-1,1970-03-28,1970-03-28,5,2,2,1,0
31.827602345033274,0.9999999997376162,facility_df,house_df,869,3781,Robinah,Robinah,4,Kirabira,Kirabira,4,,,-1,1961-08-15,1961-08-15,5,2,2,1,0
31.840541400740772,0.9999999997399589,facility_df,house_df,2444,3391,Florence,Florence,4,Esther,Esther,4,,,-1,2019-03-22,2019-03-22,5,2,2,1,0
31.886764417501418,0.9999999997481585,facility_df,house_df,289,1504,Mwamini,Mwamini,4,Naiwumbwe,Naiwumbwe,4,,,-1,1959-03-31,1959-03-31,5,2,2,1,0
31.886764417501418,0.9999999997481585,facility_df,house_df,2841,3408,Shifa,Shifa,4,Naiwumbwe,Naiwumbwe,4,,,-1,1963-02-22,1963-02-22,5,2,2,1,0
31.911847231344993,0.9999999997524991,facility_df,house_df,262,2330,Sauya,Sauya,4,Nakaziba,Nakaziba,4,Azara,Azara,4,1997-08-04,1997-08-17,3,2,2,1,0
31.93405470960338,0.9999999997562797,facility_df,house_df,2529,420,Petralina,Petralina,4,Mukoda,Mukoda,4,,,-1,1998-10-08,1998-10-28,4,2,2,1,0
31.934517548949785,0.9999999997563579,facility_df,house_df,1161,3076,Amulasi,Amulasi,4,Mariam,Mariam,4,,,-1,1940-05-20,1940-05-20,5,2,2,1,0
32.00560064701127,0.9999999997680715,facility_df,house_df,2711,3238,Sharon,Sharon,4,Mudondo,Mudondo,4,,,-1,2022-10-23,2022-10-23,5,2,2,1,0
32.00560064701127,0.9999999997680715,facility_df,house_df,1708,2064,Nasimu,Nasimu,4,Namulawa,Namulawa,4,,,-1,1995-06-18,1995-06-18,5,2,2,1,0
32.02024742297567,0.9999999997704142,facility_df,house_df,911,3474,Asha,Asha,4,Shakira,Shakira,4,,,-1,2004-09-18,2004-09-18,5,2,2,1,0
32.04790374239729,0.9999999997747734,facility_df,house_df,2252,288,Zaumina,Zaumina,4,Gloria,Gloria,4,,,-1,1951-10-27,1951-11-09,3,2,2,1,0
32.04790374239729,0.9999999997747734,facility_df,house_df,98,401,Kasifa,Kasifa,4,Ndagile,Ndagile,4,,,-1,2002-06-14,2002-07-04,3,2,2,1,0
32.04790374239729,0.9999999997747734,facility_df,house_df,1012,902,Madia,Madia,4,Nankabirwa,Nankabirwa,4,Lumala,,-1,1946-08-23,1946-09-05,3,2,2,1,0
32.04790374239729,0.9999999997747734,facility_df,house_df,1216,2986,Najirah,Najirah,4,Nankabirwa,Nankabirwa,4,Anaka,,-1,2015-04-27,2015-05-17,3,2,2,1,0
32.04999476636972,0.9999999997750996,facility_df,house_df,2634,2897,Irene,Irene,4,Nalubanga,Nalubanga,4,,,-1,2018-11-11,2018-11-11,5,2,2,1,0
32.04999476636972,0.9999999997750996,facility_df,house_df,2765,3740,Namaganda,Namaganda,4,Nakaima,Nakaima,4,,,-1,1969-06-15,1969-06-15,5,2,2,1,0
32.04999476636972,0.9999999997750996,facility_df,house_df,376,3453,Kagoya,Kagoya,4,Namudiba,Namudiba,4,,,-1,1998-04-09,1998-04-09,5,2,2,1,0
32.06310770041714,0.9999999997771345,facility_df,house_df,905,187,Isima,Isima,4,,,-1,Kalyesubula,Kalyesubula,4,1961-04-22,1961-04-22,5,1,1,1,0
32.08957991177833,0.9999999997811866,facility_df,house_df,348,1447,Wilson,Wilson,4,,,-1,Masiko,Masiko,4,1944-03-10,1944-03-10,5,1,1,1,0
32.124776884731766,0.9999999997864604,facility_df,house_df,2782,2827,Nasimu,Nasimu,4,Naigaga,Naigaga,4,Yira,Yira,4,1931-05-29,1931-06-11,3,2,2,1,0
32.12716262689218,0.9999999997868132,facility_df,house_df,1957,2411,Nubuwati,Nubuwati,4,Janat,Janat,4,,,-1,2024-04-18,2024-04-18,5,2,2,1,0
32.143104170761205,0.9999999997891559,facility_df,house_df,1365,1893,Namutamba,Namutamba,4,Namulinda,Namulinda,4,,,-1,2018-08-09,2018-08-09,5,2,2,1,0
32.143104170761205,0.9999999997891559,facility_df,house_df,2213,2940,Namuwaya,Namuwaya,4,Lukia,Lukia,4,,,-1,1938-01-07,1938-01-07,5,2,2,1,0
32.17552564845358,0.9999999997938414,facility_df,house_df,2710,3097,Rhiyani,Rhiyani,4,Nakanda,Nakanda,4,,,-1,1939-11-30,1939-11-30,5,2,2,1,0
32.17552564845358,0.9999999997938414,facility_df,house_df,395,2891,Namusobya,Namusobya,4,Mbwali,Mbwali,4,,,-1,2014-02-10,2014-02-10,5,2,2,1,0
32.18374615525855,0.9999999997950126,facility_df,house_df,1025,2226,Tracy,Tracy,4,Namulondo,Namulondo,4,,,-1,1953-01-02,1953-01-02,5,2,2,1,0
32.20869251238878,0.9999999997985267,facility_df,house_df,1408,2363,Nangobi,Nangobi,4,Magret,Magret,4,,,-1,1949-09-28,1949-09-28,5,2,2,1,0
32.217245746094086,0.9999999997997177,facility_df,house_df,2354,1307,Joan,Joan,4,Nabirye,Nabirye,4,Nira,Nira,4,2016-05-27,2016-06-16,3,2,2,1,0
32.217245746094086,0.9999999997997177,facility_df,house_df,619,1307,Joan,Joan,4,Nabirye,Nabirye,4,Nira,Nira,4,2016-05-27,2016-06-16,3,2,2,1,0
32.23012039829687,0.999999999801497,facility_df,house_df,2588,423,Joshua,Joshua,4,Waiswa,Waiswa,4,Lukwago,Lukwago,4,1941-04-09,1941-04-02,4,1,1,1,0
32.234077830808694,0.9999999998020408,facility_df,house_df,2681,2210,Jamawa,Jamawa,4,Juliet,Juliet,4,,,-1,2002-08-03,2002-08-03,5,2,2,1,0
32.242639844312116,0.9999999998032122,facility_df,house_df,740,1664,Christine,Christine,4,Edisa,Edisa,4,,,-1,1934-01-13,1934-01-13,5,2,2,1,0
32.26863505284506,0.9999999998067263,facility_df,house_df,2172,1959,Nankwanga,Nankwanga,4,Otana,Otana,4,,,-1,2003-10-18,2003-10-18,5,2,2,1,0
32.33943051381476,0.9999999998159815,facility_df,house_df,1698,2691,Amalasi,Amulasi,3,Hairat,Hairat,4,Nola,Nola,4,1947-09-04,1947-09-17,3,2,2,1,1
32.33943051381476,0.9999999998159815,facility_df,house_df,1466,2691,Amalasi,Amulasi,3,Hairat,Hairat,4,Nola,Nola,4,1947-09-04,1947-09-17,3,2,2,1,1
32.368170726395974,0.9999999998196112,facility_df,house_df,224,238,Nakinonko,Nakinonko,4,Nakanda,Nakanda,4,,,-1,1936-12-22,1936-12-22,5,2,2,1,0
32.368170726395974,0.9999999998196112,facility_df,house_df,1754,2861,Mariam,Mariam,4,Feima,Feima,4,,,-1,2013-07-02,2013-07-02,5,2,2,1,0
32.38702975364729,0.9999999998219539,facility_df,house_df,1885,1614,Aisha,Aisha,4,Balungi,Balungi,4,,,-1,2016-09-14,2016-09-14,5,2,2,1,0
32.406138576595,0.9999999998242965,facility_df,house_df,2845,744,Elizabeth,Elizabeth,4,Naisanga,Naisanga,4,,,-1,1974-09-27,1974-09-27,5,2,2,1,0
32.43528492225451,0.9999999998278106,facility_df,house_df,421,1891,Aisa,Aisa,4,Rose,Rose,4,,,-1,1983-11-25,1983-11-25,5,2,2,1,0
32.43636303539767,0.9999999998279393,facility_df,house_df,2068,1275,Namuyindi,Namuyindi,4,Nabirye,Nabirye,4,Tara,Tara,4,1956-12-20,1957-01-02,3,2,2,1,0
32.462941241676134,0.99999999983108,facility_df,house_df,116,1954,Ryhan,Ryhan,4,Moreen,Moreen,4,Nakalanzi,,-1,1994-05-19,1994-06-01,3,2,2,1,0
32.462941241676134,0.99999999983108,facility_df,house_df,960,2316,Safuwa,Safuwa,4,Namuyodi,Namuyodi,4,,,-1,1976-11-15,1976-11-28,3,2,2,1,0
32.462941241676134,0.99999999983108,facility_df,house_df,2278,2481,Nziran,Nziran,4,Nalwanga,Nalwanga,4,,,-1,1973-03-17,1973-03-30,3,2,2,1,0
32.46333008299794,0.9999999998311255,facility_df,house_df,2701,2735,Minina,Minina,4,Mutesi,Mutesi,4,Dara,Dara,4,1974-10-12,1974-10-25,3,2,2,1,0
32.46503226564857,0.9999999998313247,facility_df,house_df,1277,201,Nakamyuka,Nakamyuka,4,Nankwanga,Nankwanga,4,,,-1,2013-05-25,2013-05-25,5,2,2,1,0
32.46503226564857,0.9999999998313247,facility_df,house_df,1528,387,Faridah,Faridah,4,Miria,Miria,4,,,-1,1963-03-20,1963-03-20,5,2,2,1,0
32.46503226564857,0.9999999998313247,facility_df,house_df,2090,1071,Shakira,Shakira,4,Faima,Faima,4,,,-1,2028-04-24,2028-04-24,5,2,2,1,0
32.50567425014591,0.9999999998360102,facility_df,house_df,2448,242,Lovisa,Lovisa,4,Kitabona,Kitabona,4,,,-1,2000-04-16,2000-04-16,5,2,2,1,0
32.526654719383984,0.9999999998383777,facility_df,house_df,2641,2373,Mutesi,Mutesi,4,Sheira,Sheira,4,Gima,Gima,4,1981-11-09,1981-11-29,4,2,2,1,0
32.526654719383984,0.9999999998383777,facility_df,house_df,422,2373,Mutesi,Mutesi,4,Sheira,Sheira,4,Gima,Gima,4,1981-11-09,1981-11-29,4,2,2,1,0
32.53981438401061,0.9999999998398452,facility_df,house_df,1248,2495,Shamim,Shamim,4,Naigaga,Naigaga,4,Wura,Wura,4,1986-12-04,1986-12-17,3,2,2,1,0
32.558141670040044,0.9999999998418669,facility_df,house_df,937,1933,Swabra,Swabra,4,Kagoya,Kagoya,4,,,-1,2022-04-18,2022-04-18,5,2,2,1,0
32.56508430587784,0.9999999998426261,facility_df,house_df,563,2259,Shamimu,Shamimu,4,Babirye,Babirye,4,Jira,Jira,4,2011-01-27,2011-01-20,4,2,2,1,0
32.56508430587784,0.9999999998426261,facility_df,house_df,29,2259,Shamimu,Shamimu,4,Babirye,Babirye,4,Jira,Jira,4,2011-01-27,2011-01-20,4,2,2,1,0
32.579674831589685,0.9999999998442096,facility_df,house_df,2370,1435,Rukiya,Rukiya,4,Hadija,Hadija,4,,,-1,1989-12-12,1989-12-12,5,2,2,1,0
32.580438613318556,0.9999999998442921,facility_df,house_df,1524,2476,Salaiman,Sulaiman,3,Gonza,Gonza,4,Kiprotich,Kiprotich,4,2012-06-26,2012-07-09,3,1,1,1,1
32.590563147732425,0.999999999845381,facility_df,house_df,1410,3052,Aidah,Aidah,4,Nakisuyi,Nakisuyi,4,,,-1,1963-06-10,1963-06-10,5,2,2,1,0
32.590563147732425,0.999999999845381,facility_df,house_df,1428,271,Nankwanga,Nankwanga,4,Victo,Victo,4,,,-1,2005-08-03,2005-08-03,5,2,2,1,0
32.590563147732425,0.999999999845381,facility_df,house_df,1886,544,Namusobya,Namusobya,4,Hairati,Hairati,4,,,-1,1966-08-30,1966-08-30,5,2,2,1,0
32.60400879137775,0.9999999998468153,facility_df,house_df,1924,1440,Mwaiduma,Mwaiduma,4,Nakaziba,Nakaziba,4,Bisa,Bisa,4,1932-04-27,1932-03-31,3,2,2,1,0
32.61258945406242,0.9999999998477237,facility_df,house_df,1465,533,Brenda,Brenda,4,Salama,Salama,4,,,-1,1988-06-13,1988-06-13,5,2,2,1,0
32.61258945406242,0.9999999998477237,facility_df,house_df,1153,2076,Nakyema,Nakyema,4,Mariam,Mariam,4,,,-1,2014-11-03,2014-11-03,5,2,2,1,0
32.64755280917709,0.9999999998513697,facility_df,house_df,1415,2433,Fadalu,Fadulu,3,Wangobi,Wangobi,4,Nakulima,Nakulima,4,1952-07-23,1952-08-05,3,1,1,1,1
32.65767734359096,0.9999999998524092,facility_df,house_df,2735,795,Robinah,Robinah,4,Tibasima,Tibasima,4,,,-1,1944-12-15,1944-12-15,5,2,2,1,0
32.65767734359096,0.9999999998524092,facility_df,house_df,1373,2488,Nakasolo,Nakasolo,4,Deborah,Deborah,4,,,-1,1975-02-04,1975-02-04,5,2,2,1,0
32.67653648342265,0.9999999998543259,facility_df,house_df,2001,356,Mariam,Mariam,4,Shamira,Shamira,4,Dina,Dina,4,1975-09-07,1975-09-20,3,2,2,1,0
32.71518439699683,0.9999999998581766,facility_df,house_df,453,3825,Muzafaru,Muzafaru,4,,,-1,Jogo,Jogo,4,2018-12-27,2018-12-27,5,1,1,1,0
32.719575323169096,0.9999999998586075,facility_df,house_df,1454,289,Shamina,Shamina,4,Babirye,Babirye,4,Eanda,Eanda,4,1931-09-13,1931-09-26,3,2,2,1,0
32.72806667148236,0.9999999998594372,facility_df,house_df,2003,3668,Sarah,Sarah,4,Justine,Justine,4,,,-1,2023-01-31,2023-01-31,5,2,2,1,0
32.75700457269146,0.9999999998622287,facility_df,house_df,205,632,Safalu,Safalu,4,,,-1,Igomu,Igomu,4,2025-04-27,2025-04-27,5,1,1,1,0
32.764592547507476,0.9999999998629513,facility_df,house_df,814,3635,Jovia,Jovia,4,Nabulumba,Nabulumba,4,,,-1,2027-03-27,2027-03-27,5,2,2,1,0
32.802067252926136,0.9999999998664654,facility_df,house_df,160,2384,Hajara,Hajara,4,Jamila,Jamila,4,,,-1,1975-09-11,1975-09-11,5,2,2,1,0
32.802067252926136,0.9999999998664654,facility_df,house_df,306,818,Madina,Madina,4,Rhahuma,Rhahuma,4,,,-1,1966-07-06,1966-07-06,5,2,2,1,0
32.817994494437926,0.9999999998679315,facility_df,house_df,2651,255,Damali,Damali,4,Mariam,Mariam,4,Bisa,Bisa,4,1943-09-27,1943-09-20,4,2,2,1,0
32.82760234503328,0.999999999868808,facility_df,house_df,1496,531,Fahima,Fahima,4,Namugaya,Namugaya,4,,,-1,2001-08-03,2001-08-03,5,2,2,1,0
32.84054140074077,0.9999999998699795,facility_df,house_df,2858,2983,Florence,Florence,4,Nabankema,Nabankema,4,,,-1,1993-05-30,1993-05-30,5,2,2,1,0
32.85359755356622,0.9999999998711508,facility_df,house_df,941,1493,Mbabazi,Mbabazi,4,Mwajuma,Mwajuma,4,,,-1,1957-10-03,1957-10-03,5,2,2,1,0
32.85359755356622,0.9999999998711508,facility_df,house_df,806,665,Ratifa,Ratifa,4,Namususwa,Namususwa,4,,,-1,1993-08-10,1993-08-10,5,2,2,1,0
32.85641860944314,0.9999999998714025,facility_df,house_df,940,2775,Namukose,Namukose,4,Namaganda,Namaganda,4,Enaya,Enaya,4,1950-06-10,1950-06-03,3,2,2,1,0
32.85641860944314,0.9999999998714025,facility_df,house_df,359,2775,Namukose,Namukose,4,Namaganda,Namaganda,4,Enaya,Enaya,4,1950-06-10,1950-06-03,3,2,2,1,0
32.869945230513544,0.9999999998726026,facility_df,house_df,1352,2875,Mpali,Mpuli,3,Bikaba,Bikaba,4,Kasibante,Kasibante,4,1932-01-29,1932-02-11,3,1,1,1,1
32.87143375339939,0.999999999872734,facility_df,house_df,467,2425,Retisha,Retisha,4,Nangobi,Nangobi,4,Yona,Yona,4,1960-03-29,1960-03-09,4,2,2,1,0
32.88006976492741,0.9999999998734935,facility_df,house_df,919,3795,Hailati,Hailati,4,Madina,Madina,4,,,-1,2021-02-26,2021-02-26,5,2,2,1,0
32.88006976492741,0.9999999998734935,facility_df,house_df,1941,1218,Sandra,Sandra,4,Faima,Faima,4,,,-1,1954-09-21,1954-09-21,5,2,2,1,0
32.88006976492741,0.9999999998734935,facility_df,house_df,1202,3955,Nakasolo,Nakasolo,4,Ntiire,Ntiire,4,,,-1,1944-11-10,1944-11-10,5,2,2,1,0
32.920711749424754,0.9999999998770076,facility_df,house_df,2688,2281,Lukia,Lukia,4,Nalongo,Nalongo,4,,,-1,1952-01-15,1952-01-15,5,2,2,1,0
32.920711749424754,0.9999999998770076,facility_df,house_df,2623,2283,Minina,Minina,4,Mercy,Mercy,4,,,-1,1934-02-27,1934-02-27,5,2,2,1,0
32.920711749424754,0.9999999998770076,facility_df,house_df,436,3872,Aziza,Aziza,4,Mercy,Mercy,4,,,-1,1932-06-20,1932-06-20,5,2,2,1,0
32.934517548949785,0.999999999878179,facility_df,house_df,53,919,Favour,Favour,4,Mariam,Mariam,4,,,-1,1952-04-23,1952-04-23,5,2,2,1,0
32.95240739070552,0.9999999998796802,facility_df,house_df,1963,1455,Abdal,Abdul,3,Ntege,Ntege,4,Igomu,Igomu,4,2016-12-24,2017-01-06,3,1,1,1,1
32.97277379128672,0.9999999998813669,facility_df,house_df,1051,2405,Shaidati,Shaidati,4,Naigaga,Naigaga,4,Femi,Femi,4,2008-06-29,2008-07-12,3,2,2,1,0
33.00560064701127,0.9999999998840358,facility_df,house_df,1596,3881,Sandra,Sandra,4,Amina,Amina,4,,,-1,2008-10-23,2008-10-23,5,2,2,1,0
33.04790374239729,0.9999999998873867,facility_df,house_df,1984,2190,Sheilati,Sheilati,4,Rahumah,Rahumah,4,Nsereko,,-1,1945-07-02,1945-07-15,3,2,2,1,0
33.04790374239729,0.9999999998873867,facility_df,house_df,1844,3699,Layer,Layer,4,Asiiku,Asiiku,4,Anole,,-1,1980-04-29,1980-05-12,3,2,2,1,0
33.04999476636972,0.9999999998875498,facility_df,house_df,1964,1534,Kadijja,Kadijja,4,Nakiranda,Nakiranda,4,,,-1,1947-07-10,1947-07-10,5,2,2,1,0
33.04999476636972,0.9999999998875498,facility_df,house_df,2900,3447,Namulondo,Namulondo,4,Namugabwe,Namugabwe,4,,,-1,1933-09-14,1933-09-14,5,2,2,1,0
33.04999476636972,0.9999999998875498,facility_df,house_df,1231,922,Namulondo,Namulondo,4,Alima,Alima,4,,,-1,2012-08-11,2012-08-11,5,2,2,1,0
33.04999476636972,0.9999999998875498,facility_df,house_df,1967,1541,Namaganda,Namaganda,4,Trafine,Trafine,4,,,-1,1937-10-16,1937-10-16,5,2,2,1,0
33.04999476636972,0.9999999998875498,facility_df,house_df,2083,2625,Namaganda,Namaganda,4,Kwikiriza,Kwikiriza,4,,,-1,1958-04-22,1958-04-22,5,2,2,1,0
33.08889984840317,0.9999999998905417,facility_df,house_df,1235,303,Betty,Betty,4,Shanita,Shanita,4,Nyala,Nyala,4,1973-04-13,1973-03-17,3,2,2,1,0
33.11139531103387,0.9999999998922352,facility_df,house_df,2241,150,Zaina,Zaina,4,Wotaali,Wotaali,4,,,-1,2024-10-28,2024-10-28,5,2,2,1,0
33.11139531103387,0.9999999998922352,facility_df,house_df,987,1125,Sauya,Sauya,4,Kyobonela,Kyobonela,4,,,-1,1930-09-29,1930-09-29,5,2,2,1,0
33.12716262689218,0.9999999998934066,facility_df,house_df,1107,690,Brenda,Brenda,4,Wasena,Wasena,4,,,-1,2010-10-01,2010-10-01,5,2,2,1,0
33.143104170761205,0.999999999894578,facility_df,house_df,1442,2464,Nantale,Nantale,4,Nakadama,Nakadama,4,,,-1,2024-02-21,2024-02-21,5,2,2,1,0
33.17552564845358,0.9999999998969207,facility_df,house_df,1040,622,Lydia,Lydia,4,Sharifa,Sharifa,4,,,-1,1945-12-17,1945-12-17,5,2,2,1,0
33.225652463351175,0.9999999999004406,facility_df,house_df,2062,2409,Mariam,Mariam,4,Shifula,Shifula,4,Sama,Sama,4,1984-07-08,1984-07-28,4,2,2,1,0
33.23249070203202,0.9999999999009115,facility_df,house_df,1102,1340,Nangobi,Nangobi,4,Namukwana,Namukwana,4,Zara,Zara,4,1969-09-26,1969-10-09,3,2,2,1,0
33.23249070203202,0.9999999999009115,facility_df,house_df,934,1340,Nangobi,Nangobi,4,Namukwana,Namukwana,4,Zara,Zara,4,1969-09-26,1969-10-09,3,2,2,1,0
33.242639844312116,0.999999999901606,facility_df,house_df,2203,3513,Halima,Halima,4,Nakirya,Nakirya,4,,,-1,1952-01-05,1952-01-05,5,2,2,1,0
33.265453471409145,0.9999999999031498,facility_df,house_df,689,328,Amina,Amina,4,Namususwa,Namususwa,4,Jaira,Jaira,4,1946-05-07,1946-05-27,4,2,2,1,0
33.2774052624728,0.9999999999039488,facility_df,house_df,1047,3747,Namukose,Namukose,4,Namwigalo,Namwigalo,4,,,-1,1974-12-09,1974-12-09,5,2,2,1,0
33.29697891049663,0.9999999999052431,facility_df,house_df,1183,1378,Waiswa,Waiswa,4,Waigangala,Waigangala,4,Kyakonye,Kyakonye,4,1985-02-18,1985-02-11,4,1,1,1,0
33.313029172203514,0.9999999999062915,facility_df,house_df,2825,726,Jalila,Jalila,4,Kaudha,Kaudha,4,,,-1,1939-08-12,1939-08-12,5,2,2,1,0
33.313029172203514,0.9999999999062915,facility_df,house_df,502,1137,Kauma,Kauma,4,Kampi,Kampi,4,,,-1,1954-10-25,1954-10-25,5,2,2,1,0
33.313029172203514,0.9999999999062915,facility_df,house_df,3,2613,Gloria,Gloria,4,Rashida,Rashida,4,,,-1,1993-07-11,1993-07-11,5,2,2,1,0
33.34955504822863,0.9999999999086342,facility_df,house_df,1205,2585,Sheira,Sheira,4,Nawaguma,Nawaguma,4,,,-1,1933-08-31,1933-08-31,5,2,2,1,0
33.38702975364729,0.9999999999109769,facility_df,house_df,254,1155,Muyangu,Muyangu,4,Shanita,Shanita,4,,,-1,1930-12-17,1930-12-17,5,2,2,1,0
33.39995597920192,0.999999999911771,facility_df,house_df,190,1714,Babirye,Babirye,4,Naigaga,Naigaga,4,Sira,Sira,4,1946-05-24,1946-05-24,5,2,2,1,0
33.406138576595,0.9999999999121483,facility_df,house_df,1163,3501,Esther,Esther,4,Safina,Safina,4,,,-1,1961-04-22,1961-04-22,5,2,2,1,0
33.413995222369216,0.9999999999126254,facility_df,house_df,1799,1271,Azena,Azena,4,Namaganda,Namaganda,4,Rila,Rila,4,1933-10-26,1933-10-19,3,2,2,1,0
33.413995222369216,0.9999999999126254,facility_df,house_df,767,1271,Azena,Azena,4,Namaganda,Namaganda,4,Rila,Rila,4,1933-10-26,1933-10-19,3,2,2,1,0
33.413995222369216,0.9999999999126254,facility_df,house_df,538,1271,Azena,Azena,4,Namaganda,Namaganda,4,Rila,Rila,4,1933-10-26,1933-10-19,3,2,2,1,0
33.46503226564857,0.9999999999156624,facility_df,house_df,521,156,Nulu,Nulu,4,Machikula,Machikula,4,,,-1,1939-02-21,1939-02-21,5,2,2,1,0
33.484384550260614,0.9999999999167861,facility_df,house_df,700,2342,Shamina,Shamina,4,Naisanga,Naisanga,4,Sira,Sira,4,1941-11-16,1941-11-29,3,2,2,1,0
33.50567425014591,0.999999999918005,facility_df,house_df,2260,36,Namukuve,Namukuve,4,Namulondo,Namulondo,4,,,-1,2006-06-19,2006-06-19,5,2,2,1,0
33.52253931905444,0.999999999918958,facility_df,house_df,2286,1254,Getrude,Getrude,4,,,-1,Abeni,Abeni,4,1977-03-21,1977-03-21,5,2,2,1,0
33.526432810312706,0.9999999999191764,facility_df,house_df,1138,3931,Zaina,Zaina,4,Nakalembe,Nakalembe,4,,,-1,1950-08-28,1950-08-28,5,2,2,1,0
33.590563147732425,0.9999999999226905,facility_df,house_df,1257,1475,Erina,Erina,4,Nakisuyi,Nakisuyi,4,,,-1,1996-03-09,1996-03-09,5,2,2,1,0
33.590563147732425,0.9999999999226905,facility_df,house_df,2084,1880,Jamilah,Jamilah,4,Namwebya,Namwebya,4,,,-1,1973-06-22,1973-06-22,5,2,2,1,0
33.60347302123293,0.9999999999233792,facility_df,house_df,2474,383,Ayubu,Ayubu,4,Mutale,Mutale,4,Masiko,Masiko,4,1998-06-11,1998-06-24,3,1,1,1,0
33.6115436169705,0.9999999999238066,facility_df,house_df,873,2447,Mukisa,Mukisa,4,Waigangala,Waigangala,4,Beinomugisha,Beinomugisha,4,2025-04-01,2025-04-21,4,1,1,1,0
33.6115436169705,0.9999999999238066,facility_df,house_df,824,2447,Mukisa,Mukisa,4,Waigangala,Waigangala,4,Beinomugisha,Beinomugisha,4,2025-04-01,2025-04-21,4,1,1,1,0
33.64021514793442,0.999999999925306,facility_df,house_df,2108,1638,Nabirye,Nabirye,4,Nabirye,Nabirye,4,Tala,Tala,4,1992-02-28,1992-02-28,5,2,2,1,0
33.641328384975935,0.9999999999253635,facility_df,house_df,829,1312,Rashida,Rashida,4,Magumba,Magumba,4,Nalubega,Nalubega,4,1935-05-21,1935-06-03,3,1,1,1,0
33.65767734359096,0.9999999999262046,facility_df,house_df,2310,2676,Hasifa,Hasifa,4,Hafusa,Hafusa,4,,,-1,2023-06-16,2023-06-16,5,2,2,1,0
33.72806667148236,0.9999999999297187,facility_df,house_df,1812,767,Beatrice,Beatrice,4,Namulumba,Namulumba,4,,,-1,2008-04-12,2008-04-12,5,2,2,1,0
33.72806667148236,0.9999999999297187,facility_df,house_df,431,948,Namwebya,Namwebya,4,Kyakutema,Kyakutema,4,,,-1,1936-06-20,1936-06-20,5,2,2,1,0
33.72806667148236,0.9999999999297187,facility_df,house_df,874,485,Shamida,Shamida,4,Christine,Christine,4,,,-1,2019-07-06,2019-07-06,5,2,2,1,0
33.72806667148236,0.9999999999297187,facility_df,house_df,1694,819,Namuyaga,Namuyaga,4,Wolira,Wolira,4,,,-1,2025-02-08,2025-02-08,5,2,2,1,0
33.72806667148236,0.9999999999297187,facility_df,house_df,1848,1059,Namugogo,Namugogo,4,Rashim,Rashim,4,,,-1,2017-05-15,2017-05-15,5,2,2,1,0
33.74424615445661,0.9999999999305024,facility_df,house_df,2133,1266,Nakagolo,Nakagolo,4,Aisa,Aisa,4,Gama,Gama,4,1994-04-07,1994-04-27,4,2,2,1,0
33.74424615445661,0.9999999999305024,facility_df,house_df,938,1266,Nakagolo,Nakagolo,4,Aisa,Aisa,4,Gama,Gama,4,1994-04-07,1994-04-27,4,2,2,1,0
33.75289946621604,0.999999999930918,facility_df,house_df,1117,314,Namusobya,Namusobya,4,Nambi,Nambi,4,Gia,Gia,4,2010-08-09,2010-08-29,4,2,2,1,0
33.82868045817643,0.9999999999344531,facility_df,house_df,1696,1456,Zahara,Zahara,4,Shamina,Shamina,4,Dara,Dara,4,1957-08-18,1957-08-31,3,2,2,1,0
33.8444674139418,0.9999999999351664,facility_df,house_df,178,2263,Jafra,Jafra,4,,,-1,Kagimu,Kagimu,4,1980-11-17,1980-11-17,5,1,1,1,0
33.8444674139418,0.9999999999351664,facility_df,house_df,134,1351,Saufa,Saufa,4,,,-1,Akina,Akina,4,2009-07-13,2009-07-13,5,2,2,1,0
33.85359755356622,0.9999999999355754,facility_df,house_df,648,3956,Sawuya,Sawuya,4,Nabutanda,Nabutanda,4,,,-1,1980-09-02,1980-09-02,5,2,2,1,0
33.85359755356622,0.9999999999355754,facility_df,house_df,2100,1827,Namukobe,Namukobe,4,Mwaiduma,Mwaiduma,4,,,-1,1945-01-12,1945-01-12,5,2,2,1,0
33.88006976492741,0.9999999999367468,facility_df,house_df,1658,1922,Ayanga,Ayanga,4,Naikoba,Naikoba,4,,,-1,1939-04-04,1939-04-04,5,2,2,1,0
33.88006976492741,0.9999999999367468,facility_df,house_df,1141,3708,Safiya,Safiya,4,Naiboka,Naiboka,4,,,-1,2012-03-02,2012-03-02,5,2,2,1,0
33.88006976492741,0.9999999999367468,facility_df,house_df,683,3809,Bitaminsi,Bitaminsi,4,Vanisha,Vanisha,4,,,-1,1991-03-02,1991-03-02,5,2,2,1,0
33.88006976492741,0.9999999999367468,facility_df,house_df,1876,727,Shanita,Shanita,4,Clare,Clare,4,,,-1,2024-01-01,2024-01-01,5,2,2,1,0
33.88006976492741,0.9999999999367468,facility_df,house_df,1306,4026,Shanita,Shanita,4,Nansubuga,Nansubuga,4,,,-1,1962-11-11,1962-11-11,5,2,2,1,0
33.88031322659175,0.9999999999367575,facility_df,house_df,418,1255,Namususwa,Namususwa,4,Faima,Faima,4,Malaika,Malaika,4,1930-09-08,1930-08-12,3,2,2,1,0
33.89204251917386,0.9999999999372695,facility_df,house_df,452,302,Hasifa,Hasifa,4,Kauma,Kauma,4,Landa,Landa,4,1996-05-24,1996-05-17,3,2,2,1,0
33.934517548949785,0.9999999999390895,facility_df,house_df,2643,1795,Kawala,Kawala,4,Akachilizi,Akachilizi,4,,,-1,1975-02-03,1975-02-03,5,2,2,1,0
33.96243184706526,0.9999999999402567,facility_df,house_df,2342,222,Zabina,Zabina,4,Shakira,Shakira,4,Akira,Akira,4,2004-01-04,2004-01-17,3,2,2,1,0
33.962775386783726,0.9999999999402709,facility_df,house_df,1977,1384,Namatende,Namatende,4,Anisha,Anisha,4,Ema,Ema,4,2003-01-16,2003-01-29,3,2,2,1,0
33.9884270555982,0.9999999999413235,facility_df,house_df,631,1371,Fatuma,Fatuma,4,Zahara,Zahara,4,Kirabo,Kirabo,4,1944-01-14,1944-02-03,3,2,2,1,0
33.99110107731615,0.9999999999414322,facility_df,house_df,1728,588,Ruth,Ruth,4,Nanyonga,Nanyonga,4,,,-1,1946-01-27,1946-01-27,5,2,2,1,0
34.04999476636972,0.9999999999437749,facility_df,house_df,2694,161,Zauma,Zauma,4,Bridget,Bridget,4,,,-1,1993-05-18,1993-05-18,5,2,2,1,0
34.04999476636972,0.9999999999437749,facility_df,house_df,916,2418,Elesi,Elesi,4,Ntono,Ntono,4,,,-1,1978-12-21,1978-12-21,5,2,2,1,0
34.04999476636972,0.9999999999437749,facility_df,house_df,2246,3106,Nulu,Nulu,4,Nairima,Nairima,4,,,-1,2000-07-01,2000-07-01,5,2,2,1,0
34.04999476636972,0.9999999999437749,facility_df,house_df,909,1995,Laziya,Laziya,4,Hailati,Hailati,4,,,-1,1948-01-28,1948-01-28,5,2,2,1,0
34.075792251905575,0.9999999999447714,facility_df,house_df,2867,273,Salima,Salima,4,Nalubanga,Nalubanga,4,Nola,Nola,4,1930-05-09,1930-05-29,4,2,2,1,0
34.09736142715137,0.999999999945591,facility_df,house_df,120,217,Musa,Musa,4,Waigangala,Waigangala,4,Nadduli,Nadduli,4,2004-02-10,2004-01-21,3,1,1,1,0
34.10076000361323,0.999999999945719,facility_df,house_df,2403,323,Jesca,Jesca,4,Mutesi,Mutesi,4,Chuma,Chuma,4,2007-12-16,2007-12-29,3,2,2,1,0
34.143104170761205,0.9999999999472889,facility_df,house_df,2183,1892,Patricia,Patricia,4,Kyobika,Kyobika,4,,,-1,2016-09-17,2016-09-17,5,2,2,1,0
34.143104170761205,0.9999999999472889,facility_df,house_df,2475,3224,Nasabu,Nasabu,4,Saumu,Saumu,4,,,-1,1941-10-14,1941-10-14,5,2,2,1,0
34.19125053756114,0.999999999949019,facility_df,house_df,1554,1379,Kisakye,Kisakye,4,Margret,Margret,4,Dara,Dara,4,1959-10-10,1959-10-23,3,2,2,1,0
34.19689710070228,0.9999999999492182,facility_df,house_df,2166,2794,Miria,Miria,4,Aisha,Aisha,4,Ema,Ema,4,1953-02-18,1953-03-03,3,2,2,1,0
34.225466252899054,0.9999999999502139,facility_df,house_df,2276,2253,Muwanika,Muwanika,4,Kakaire,Kakaire,4,Nadduli,Nadduli,4,1980-02-15,1980-02-28,3,1,1,1,0
34.225466252899054,0.9999999999502139,facility_df,house_df,2196,2253,Muwanika,Muwanika,4,Kakaire,Kakaire,4,Nadduli,Nadduli,4,1980-02-15,1980-02-28,3,1,1,1,0
34.225466252899054,0.9999999999502139,facility_df,house_df,699,1286,Kaziba,Kaziba,4,Mathias,Mathias,4,Nadduli,Nadduli,4,1980-12-04,1980-11-14,3,1,1,1,0
34.22629088569709,0.9999999999502424,facility_df,house_df,1243,2438,Nakiyemba,Nakiyemba,4,Mutesi,Mutesi,4,Fama,Fama,4,1978-05-27,1978-06-09,3,2,2,1,0
34.230204645276345,0.9999999999503771,facility_df,house_df,805,427,Naigaga,Naigaga,4,Mutesi,Mutesi,4,Afia,Afia,4,1963-07-22,1963-07-22,5,2,2,1,0
34.23251530989825,0.9999999999504565,facility_df,house_df,1546,364,Kalalu,Kalulu,3,Bayan,Bayan,4,Buyinza,Buyinza,4,1988-07-24,1988-08-06,3,1,1,1,1
34.239965822594165,0.9999999999507118,facility_df,house_df,2506,495,Babirye,Babirye,4,Wasena,Wasena,4,Panda,Panda,4,1963-01-15,1963-01-28,3,2,2,1,0
34.24090023705011,0.9999999999507437,facility_df,house_df,2028,260,Agnes,Agnes,4,Nabirye,Nabirye,4,Anda,Anda,4,1995-04-28,1995-04-21,4,2,2,1,0
34.242639844312116,0.999999999950803,facility_df,house_df,357,3273,Kisakye,Kisakye,4,Agnes,Agnes,4,,,-1,2022-05-03,2022-05-03,5,2,2,1,0
34.242639844312116,0.999999999950803,facility_df,house_df,512,2561,Shube,Shube,4,Besi,Besi,4,,,-1,1991-06-18,1991-06-18,5,2,2,1,0
34.293405081555626,0.9999999999525041,facility_df,house_df,2394,2482,Lillian,Lillian,4,Mutesi,Mutesi,4,Amaya,Amaya,4,2017-04-02,2017-04-15,3,2,2,1,0
34.31035515048556,0.9999999999530589,facility_df,house_df,566,2337,Jamira,Jamira,4,Nakato,Nakato,4,Nira,Nira,4,2014-10-10,2014-09-20,3,2,2,1,0
34.34955504822863,0.9999999999543171,facility_df,house_df,710,3737,Victoria,Victoria,4,Praise,Praise,4,,,-1,1994-09-19,1994-09-19,5,2,2,1,0
34.34955504822863,0.9999999999543171,facility_df,house_df,119,3325,Margret,Margret,4,Bangi,Bangi,4,,,-1,1944-04-30,1944-04-30,5,2,2,1,0
34.39358901170738,0.9999999999556903,facility_df,house_df,1312,2453,Halima,Halima,4,Nakaziba,Nakaziba,4,Dila,Dila,4,1986-12-08,1986-12-21,3,2,2,1,0
34.43540918740201,0.9999999999569563,facility_df,house_df,856,2446,Kamuyati,Kamuyati,4,Nakaziba,Nakaziba,4,Fala,Fala,4,2002-02-03,2002-02-16,3,2,2,1,0
34.46503226564857,0.9999999999578312,facility_df,house_df,553,748,Rebecca,Rebecca,4,Hafuswa,Hafuswa,4,,,-1,1936-05-13,1936-05-13,5,2,2,1,0
34.46503226564857,0.9999999999578312,facility_df,house_df,1866,2782,Aidha,Aidha,4,Nakiganda,Nakiganda,4,,,-1,1972-12-02,1972-12-02,5,2,2,1,0
34.46503226564857,0.9999999999578312,facility_df,house_df,2770,2779,Yusira,Yusira,4,Ngobi,Ngobi,4,,,-1,1959-05-28,1959-05-28,5,2,2,1,0
34.50567425014591,0.9999999999590026,facility_df,house_df,368,888,Hafusa,Hafusa,4,Rose,Rose,4,,,-1,1957-09-15,1957-09-15,5,2,2,1,0
34.50567425014591,0.9999999999590026,facility_df,house_df,219,1551,Alima,Alima,4,Precious,Precious,4,,,-1,1979-10-11,1979-10-11,5,2,2,1,0
34.50675236328907,0.9999999999590331,facility_df,house_df,2780,2764,Hajira,Hajira,4,Madina,Madina,4,Ziba,Ziba,4,1996-01-03,1996-01-16,3,2,2,1,0
34.54032591598426,0.9999999999599755,facility_df,house_df,2606,2362,Nabirye,Nabirye,4,Mutesi,Mutesi,4,Saba,Saba,4,1951-05-30,1951-05-30,5,2,2,1,0
34.58075294473284,0.9999999999610815,facility_df,house_df,660,445,Ayubu,Ayubu,4,Waigangala,Waigangala,4,Mande,Mande,4,1953-12-17,1954-01-06,3,1,1,1,0
34.587889126014474,0.9999999999612735,facility_df,house_df,1548,385,Namunana,Namunana,4,Kagoya,Kagoya,4,Manda,Manda,4,2022-05-24,2022-06-06,3,2,2,1,0
34.596353192005424,0.9999999999615,facility_df,house_df,708,2927,Namususwa,Namususwa,4,Naigaga,Naigaga,4,Chuma,Chuma,4,2011-10-07,2011-10-07,5,2,2,1,0
34.632283245372925,0.999999999962447,facility_df,house_df,2723,1399,Isa,Isa,4,Ziraba,Ziraba,4,Najjuma,Najjuma,4,1947-09-22,1947-09-15,3,1,1,1,0
34.634957267090876,0.9999999999625167,facility_df,house_df,663,1566,Kamanda,Kamanda,4,Nasabu,Nasabu,4,,,-1,2009-01-25,2009-01-25,5,2,2,1,0
34.682323927872524,0.9999999999637272,facility_df,house_df,2224,2759,Dukain,Dukain,4,Isabirye,Isabirye,4,Nadduli,Nadduli,4,2012-06-12,2012-06-05,3,1,1,1,0
34.72806667148236,0.9999999999648593,facility_df,house_df,1096,3985,Farida,Farida,4,Namwase,Namwase,4,,,-1,1956-10-31,1956-10-31,5,2,2,1,0
34.72806667148236,0.9999999999648593,facility_df,house_df,1488,2467,Fatina,Fatina,4,Nashuha,Nashuha,4,,,-1,1989-08-14,1989-08-14,5,2,2,1,0
34.72993831777273,0.9999999999649049,facility_df,house_df,1295,374,Wahabu,Wahabu,4,Nkwanga,Nkwanga,4,Lumala,Lumala,4,2001-04-18,2001-04-11,4,1,1,1,0
34.77339802267524,0.9999999999659464,facility_df,house_df,2890,419,Nubu,Nubu,4,Shanita,Shanita,4,Ora,Ora,4,2021-12-14,2021-12-07,3,2,2,1,0
34.77339802267524,0.9999999999659464,facility_df,house_df,855,419,Nubu,Nubu,4,Shanita,Shanita,4,Ora,Ora,4,2021-12-14,2021-12-07,3,2,2,1,0
34.792506845622945,0.9999999999663944,facility_df,house_df,1909,483,John,John,4,Twahiru,Twahiru,4,Lwanga,Lwanga,4,2022-03-22,2022-04-11,3,1,1,1,0
34.807940829774004,0.999999999966752,facility_df,house_df,1001,1426,Namuwaya,Namuwaya,4,Fatiha,Fatiha,4,Sela,Sela,4,2021-10-21,2021-10-01,4,2,2,1,0
34.81559045873599,0.9999999999669278,facility_df,house_df,1450,2809,Siragi,Siragi,4,Waiswa,Waiswa,4,Mahoro,Mahoro,4,2008-01-20,2008-02-02,3,1,1,1,0
34.822213173796484,0.9999999999670793,facility_df,house_df,1929,123,Mutesi,Mutesi,4,Nakaziba,Nakaziba,4,Ela,Ela,4,2028-03-01,2028-03-01,5,2,2,1,0
34.82760234503328,0.999999999967202,facility_df,house_df,791,1474,Namagembe,Namagembe,4,Aidhati,Aidhati,4,,,-1,2002-11-01,2002-11-01,5,2,2,1,0
34.82760234503328,0.999999999967202,facility_df,house_df,809,4089,Nakizibu,Nakizibu,4,Ndobozi,Ndobozi,4,,,-1,1940-01-19,1940-01-19,5,2,2,1,0
34.82760234503328,0.999999999967202,facility_df,house_df,1712,3827,Josephine,Josephine,4,Nawula,Nawula,4,,,-1,2027-07-15,2027-07-15,5,2,2,1,0
34.82760234503328,0.999999999967202,facility_df,house_df,2284,1763,Teddy,Teddy,4,Hatika,Hatika,4,,,-1,1935-09-03,1935-09-03,5,2,2,1,0
34.82868045817643,0.9999999999672265,facility_df,house_df,1998,294,Fred,Fred,4,Ngobi,Ngobi,4,Katabazi,Katabazi,4,1938-03-06,1938-03-19,3,1,1,1,0
34.84858281427135,0.9999999999676755,facility_df,house_df,2549,1492,Zabina,Zabina,4,Faith,Faith,4,Hama,Hama,4,2025-02-08,2025-02-28,4,2,2,1,0
34.84858281427135,0.9999999999676755,facility_df,house_df,102,1492,Zabina,Zabina,4,Faith,Faith,4,Hama,Hama,4,2025-02-08,2025-02-28,4,2,2,1,0
34.9111426183684,0.9999999999690473,facility_df,house_df,1773,1449,Namaganda,Namaganda,4,Shaluwa,Shaluwa,4,Adima,Adima,4,1968-08-29,1968-09-11,3,2,2,1,0
34.9111426183684,0.9999999999690473,facility_df,house_df,1690,1449,Namaganda,Namaganda,4,Shaluwa,Shaluwa,4,Adima,Adima,4,1968-08-29,1968-09-11,3,2,2,1,0
34.94196774450554,0.9999999999697016,facility_df,house_df,383,2848,Racheal,Racheal,4,Babirye,Babirye,4,Abena,Abena,4,2020-09-29,2020-10-12,3,2,2,1,0
34.97693141676037,0.9999999999704271,facility_df,house_df,2581,1305,Robinah,Robinah,4,Sumaya,Sumaya,4,Diara,Diara,4,2020-12-18,2020-12-31,3,2,2,1,0
34.97693141676037,0.9999999999704271,facility_df,house_df,813,1305,Robinah,Robinah,4,Sumaya,Sumaya,4,Diara,Diara,4,2020-12-18,2020-12-31,3,2,2,1,0
35.0148992669594,0.9999999999711952,facility_df,house_df,948,338,John,John,4,Abdulukani,Abdulukani,4,Najjuma,Najjuma,4,1984-07-25,1984-08-14,3,1,1,1,0
35.04999476636972,0.9999999999718875,facility_df,house_df,2296,979,Tahiya,Tahiya,4,Nantenza,Nantenza,4,,,-1,2011-07-01,2011-07-01,5,2,2,1,0
35.04999476636972,0.9999999999718875,facility_df,house_df,2462,1068,Angela,Angela,4,Edisa,Edisa,4,,,-1,1976-10-10,1976-10-10,5,2,2,1,0
35.04999476636972,0.9999999999718875,facility_df,house_df,1354,2403,Moreen,Moreen,4,Getrude,Getrude,4,,,-1,1999-12-17,1999-12-17,5,2,2,1,0
35.04999476636972,0.9999999999718875,facility_df,house_df,1000,3291,Shafika,Shafika,4,Kakoose,Kakoose,4,,,-1,1954-08-29,1954-08-29,5,2,2,1,0
35.04999476636972,0.9999999999718875,facility_df,house_df,2078,906,Sauba,Sauba,4,Ratifa,Ratifa,4,,,-1,2026-02-22,2026-02-22,5,2,2,1,0
35.07440048881006,0.999999999972359,facility_df,house_df,2639,1242,Lukia,Lukia,4,Naigaga,Naigaga,4,Dara,Dara,4,1958-01-31,1958-01-31,5,2,2,1,0
35.09171486401022,0.9999999999726887,facility_df,house_df,2010,2656,Kaziba,Kaziba,4,Kasozi,Kasozi,4,Kiiza,Kiiza,4,1939-01-30,1939-02-19,3,1,1,1,0
35.105878720283236,0.9999999999729556,facility_df,house_df,309,1684,Sumaya,Sumaya,4,Nabirye,Nabirye,4,Ema,Ema,4,1971-10-24,1971-10-24,5,2,2,1,0
35.17355229260689,0.9999999999741949,facility_df,house_df,129,393,Nakagolo,Nakagolo,4,Nakagolo,Nakagolo,4,Mira,Mira,4,1994-05-03,1994-05-03,5,2,2,1,0
35.184824268401705,0.9999999999743957,facility_df,house_df,802,348,Muhamed,Muhamed,4,Kaziba,Kaziba,4,Balaba,Balaba,4,1952-08-22,1952-09-04,3,1,1,1,0
35.313029172203514,0.9999999999765729,facility_df,house_df,2712,1960,Natasha,Natasha,4,Anyango,Anyango,4,,,-1,1996-01-07,1996-01-07,5,2,2,1,0
35.313029172203514,0.9999999999765729,facility_df,house_df,2814,3801,Elizabeth,Elizabeth,4,Namusoke,Namusoke,4,,,-1,2008-02-22,2008-02-22,5,2,2,1,0
35.34671318653154,0.9999999999771135,facility_df,house_df,781,1979,Nakaziba,Nakaziba,4,Nakaziba,Nakaziba,4,Jaira,Jaira,4,1960-10-27,1960-10-27,5,2,2,1,0
35.35474926984402,0.9999999999772407,facility_df,house_df,2877,2771,Biryeri,Biryeri,4,Nabirye,Nabirye,4,Qama,Qama,4,2004-10-30,2004-11-19,3,2,2,1,0
35.35474926984402,0.9999999999772407,facility_df,house_df,2454,2771,Biryeri,Biryeri,4,Nabirye,Nabirye,4,Qama,Qama,4,2004-10-30,2004-11-19,3,2,2,1,0
35.37289661655428,0.9999999999775251,facility_df,house_df,621,2852,Nakaziba,Nakaziba,4,Nubuwati,Nubuwati,4,Banda,Banda,4,2017-02-12,2017-02-25,3,2,2,1,0
35.3774693463441,0.9999999999775963,facility_df,house_df,2760,2255,Nandego,Nandego,4,Namaganda,Namaganda,4,Randa,Randa,4,1979-06-25,1979-06-18,3,2,2,1,0
35.38389561550353,0.9999999999776958,facility_df,house_df,1997,2439,Faisi,Faisi,4,Sulaina,Sulaina,4,Dara,Dara,4,1987-01-23,1987-02-05,3,2,2,1,0
35.38389561550353,0.9999999999776958,facility_df,house_df,703,2439,Faisi,Faisi,4,Sulaina,Sulaina,4,Dara,Dara,4,1987-01-23,1987-02-05,3,2,2,1,0
35.41824083848059,0.9999999999782205,facility_df,house_df,577,1718,Mwesigwa,Mwesigwa,4,Nabirye,Nabirye,4,Fara,Fara,4,1950-07-12,1950-07-12,5,2,2,1,0
35.43064938420328,0.999999999978407,facility_df,house_df,2673,1328,Mujibu,Mujibu,4,Tenywa,Tenywa,4,Masinde,Masinde,4,1958-07-06,1958-07-19,3,1,1,1,0
35.4478586742355,0.9999999999786631,facility_df,house_df,479,2752,Kaziba,Kaziba,4,Mwesigwa,Mwesigwa,4,Jose,Jose,4,2004-05-27,2004-06-16,3,1,1,1,0
35.46503226564857,0.9999999999789156,facility_df,house_df,1259,1909,Samira,Samira,4,Esther,Esther,4,,,-1,1933-05-19,1933-05-19,5,2,2,1,0
35.46503226564857,0.9999999999789156,facility_df,house_df,2540,1349,Nonsiyata,Nonsiyata,4,Kyakutema,Kyakutema,4,,,-1,2014-08-26,2014-08-26,5,2,2,1,0
35.46503226564857,0.9999999999789156,facility_df,house_df,2480,3858,Namulomo,Namulomo,4,Rashima,Rashima,4,,,-1,2012-05-03,2012-05-03,5,2,2,1,0
35.46503226564857,0.9999999999789156,facility_df,house_df,371,1778,Kyeroti,Kyeroti,4,Shube,Shube,4,,,-1,2010-06-11,2010-06-11,5,2,2,1,0
35.47700501989502,0.9999999999790898,facility_df,house_df,2305,2369,Rehema,Rehema,4,Rahuma,Rahuma,4,Wama,Wama,4,1946-02-05,1946-02-18,3,2,2,1,0
35.47700501989502,0.9999999999790898,facility_df,house_df,1400,2369,Rehema,Rehema,4,Rahuma,Rahuma,4,Wama,Wama,4,1946-02-05,1946-02-18,3,2,2,1,0
35.49477972162299,0.9999999999793459,facility_df,house_df,1769,448,Shanifa,Shanifa,4,Sumaya,Sumaya,4,Bisa,Bisa,4,2017-11-06,2017-10-10,3,2,2,1,0
35.51680602795299,0.9999999999796588,facility_df,house_df,615,2274,Jamawa,Jamawa,4,Maido,Maido,4,Sela,Sela,4,1950-03-24,1950-02-25,3,2,2,1,0
35.540460518909015,0.9999999999799897,facility_df,house_df,2517,489,Mutwaribi,Mutwaribi,4,Lwabaga,Lwabaga,4,Gamanya,Gamanya,4,1961-10-17,1961-10-10,4,1,1,1,0
35.54327823931418,0.9999999999800286,facility_df,house_df,2292,1376,Sandra,Sandra,4,Hailati,Hailati,4,Mira,Mira,4,1934-11-10,1934-11-23,3,2,2,1,0
35.556180266287136,0.9999999999802065,facility_df,house_df,2341,2722,Mbabazi,Mbabazi,4,Isiko,Isiko,4,Masinde,Masinde,4,2024-07-23,2024-08-05,3,1,1,1,0
35.556180266287136,0.9999999999802065,facility_df,house_df,2256,2722,Mbabazi,Mbabazi,4,Isiko,Isiko,4,Masinde,Masinde,4,2024-07-23,2024-08-05,3,1,1,1,0
35.58047306424253,0.999999999980537,facility_df,house_df,559,3118,Nabirye,Nabirye,4,Namaganda,Namaganda,4,Hira,Hira,4,1995-06-01,1995-06-01,5,2,2,1,0
35.584162823391594,0.9999999999805866,facility_df,house_df,1643,2767,Mariam,Mariam,4,Babirye,Babirye,4,Akira,Akira,4,2013-09-02,2013-09-02,5,2,2,1,0
35.632283245372925,0.9999999999812236,facility_df,house_df,2200,214,Rose,Rose,4,Nakisuyi,Nakisuyi,4,Handa,Handa,4,1998-09-24,1998-09-17,3,2,2,1,0
35.632283245372925,0.9999999999812236,facility_df,house_df,2682,2290,David,David,4,Mukose,Mukose,4,Mugabi,Mugabi,4,1934-12-04,1934-12-17,3,1,1,1,0
35.632283245372925,0.9999999999812236,facility_df,house_df,193,214,Rose,Rose,4,Nakisuyi,Nakisuyi,4,Handa,Handa,4,1998-09-24,1998-09-17,3,2,2,1,0
35.65430955170292,0.999999999981508,facility_df,house_df,1804,292,Kaziba,Kaziba,4,Elijah,Elijah,4,Mukisa,Mukisa,4,1964-02-23,1964-03-07,3,1,1,1,0
35.65430955170292,0.999999999981508,facility_df,house_df,327,1457,Kaziba,Kaziba,4,Nasulu,Nasulu,4,Bukenya,Bukenya,4,2016-07-06,2016-07-19,3,1,1,1,0
35.66880912139804,0.999999999981693,facility_df,house_df,2240,2755,Nabanda,Nabanda,4,Praise,Praise,4,Wura,Wura,4,1962-08-05,1962-08-18,3,2,2,1,0
35.682323927872524,0.9999999999818636,facility_df,house_df,1143,1476,Bushira,Bushira,4,Timugibwa,Timugibwa,4,Esa,Esa,4,2016-04-01,2016-04-14,3,2,2,1,0
35.737551501882606,0.9999999999825447,facility_df,house_df,1499,369,Mutwalibi,Mutwalibi,4,Luwazo,Luwazo,4,Echodu,Echodu,4,1963-07-04,1963-07-24,4,1,1,1,0
35.75276897014759,0.9999999999827279,facility_df,house_df,2835,3434,Namatende,Namatende,4,Nabirye,Nabirye,4,Chuma,Chuma,4,1938-01-20,1938-01-20,5,2,2,1,0
35.806312645147976,0.9999999999833572,facility_df,house_df,1644,1330,Kidodo,Kidodo,4,Kiranda,Kiranda,4,Kajubi,Kajubi,4,2019-08-05,2019-07-29,3,1,1,1,0
35.82492832331532,0.9999999999835706,facility_df,house_df,2326,308,Faith,Faith,4,Nakanda,Nakanda,4,Ora,Ora,4,1952-02-19,1952-03-03,3,2,2,1,0
35.82492832331532,0.9999999999835706,facility_df,house_df,45,2325,Babirye,Babirye,4,Asina,Asina,4,Ila,Ila,4,2021-10-01,2021-10-14,3,2,2,1,0
35.82760234503328,0.999999999983601,facility_df,house_df,382,90,Otana,Otana,4,Nakayega,Nakayega,4,,,-1,2000-04-22,2000-04-22,5,2,2,1,0
35.82760234503328,0.999999999983601,facility_df,house_df,1296,2699,Janida,Janida,4,Joyce,Joyce,4,,,-1,1997-04-12,1997-04-12,5,2,2,1,0
35.84082514681279,0.9999999999837507,facility_df,house_df,2228,808,Mary,Mary,4,Nabirye,Nabirye,4,Sira,Sira,4,1982-02-15,1982-02-15,5,2,2,1,0
35.843787350566636,0.999999999983784,facility_df,house_df,197,1303,Fahadi,Fahadi,4,Kalyatuka,Kalyatuka,4,Nakiwala,Nakiwala,4,2012-05-05,2012-04-08,3,1,1,1,0
35.84858281427135,0.9999999999838378,facility_df,house_df,2614,2718,Ruth,Ruth,4,Naikanga,Naikanga,4,Sama,Sama,4,1958-09-20,1958-09-10,4,2,2,1,0
35.84858281427135,0.9999999999838378,facility_df,house_df,350,2718,Ruth,Ruth,4,Naikanga,Naikanga,4,Sama,Sama,4,1958-09-20,1958-09-10,4,2,2,1,0
35.855932039203,0.9999999999839199,facility_df,house_df,921,1703,Fatuma,Fatuma,4,Shanita,Shanita,4,Mira,Mira,4,1988-10-01,1988-10-01,5,2,2,1,0
35.89531765120672,0.999999999984353,facility_df,house_df,307,447,Alex,Alex,4,Ziraba,Ziraba,4,Mugabi,Mugabi,4,2005-03-09,2005-03-22,3,1,1,1,0
35.90584831869889,0.9999999999844668,facility_df,house_df,2023,2680,Amina,Amina,4,Nandhego,Nandhego,4,Vara,Vara,4,2003-05-25,2003-06-07,3,2,2,1,0
35.92178986256791,0.9999999999846374,facility_df,house_df,2891,2261,Sumini,Sumini,4,Namaleh,Namaleh,4,Tara,Tara,4,1930-10-21,1930-11-03,3,2,2,1,0
35.92178986256791,0.9999999999846374,facility_df,house_df,2386,2822,Kagoya,Kagoya,4,Baada,Baada,4,Panya,Panya,4,2011-04-13,2011-04-26,3,2,2,1,0
35.92178986256791,0.9999999999846374,facility_df,house_df,2042,2822,Kagoya,Kagoya,4,Baada,Baada,4,Panya,Panya,4,2011-04-13,2011-04-26,3,2,2,1,0
35.98319040723205,0.9999999999852776,facility_df,house_df,2742,2377,Safiruna,Safiruna,4,Namuwaya,Namuwaya,4,Nyala,Nyala,4,1962-02-10,1962-03-02,3,2,2,1,0
36.0005859077164,0.999999999985454,facility_df,house_df,842,1392,Mirabu,Mirabu,4,Joyce,Joyce,4,Nyala,Nyala,4,2001-11-02,2001-11-22,4,2,2,1,0
36.0113414475462,0.999999999985562,facility_df,house_df,165,2355,Jowali,Jowali,4,Kisambira,Kisambira,4,Malinga,Malinga,4,1981-02-23,1981-03-08,3,1,1,1,0
36.03137920078275,0.9999999999857612,facility_df,house_df,1303,1393,Moses,Moses,4,Mutaka,Mutaka,4,Mukisa,Mukisa,4,1992-08-15,1992-08-08,3,1,1,1,0
36.04999476636972,0.9999999999859437,facility_df,house_df,1268,759,Aza,Aza,4,Jazira,Jazira,4,,,-1,1988-07-12,1988-07-12,5,2,2,1,0
36.04999476636972,0.9999999999859437,facility_df,house_df,1003,1058,Babita,Babita,4,Shalifa,Shalifa,4,,,-1,1934-02-21,1934-02-21,5,2,2,1,0
36.04999476636972,0.9999999999859437,facility_df,house_df,244,3329,Saudah,Saudah,4,Rashima,Rashima,4,,,-1,1982-12-02,1982-12-02,5,2,2,1,0
36.04999476636972,0.9999999999859437,facility_df,house_df,2820,2050,Alikoba,Alikoba,4,Hajira,Hajira,4,,,-1,2010-11-14,2010-11-14,5,2,2,1,0
36.0848171047554,0.999999999986279,facility_df,house_df,1479,3515,Zaina,Zaina,4,Namaganda,Namaganda,4,Dara,Dara,4,1984-12-08,1984-12-08,5,2,2,1,0
36.11443494051031,0.9999999999865578,facility_df,house_df,2725,408,Latifa,Latifa,4,Timugibwa,Timugibwa,4,Ora,Ora,4,1952-10-17,1952-10-30,3,2,2,1,0
36.13444787248,0.9999999999867429,facility_df,house_df,963,1754,Naiwumbwe,Naiwumbwe,4,Nabirye,Nabirye,4,Ganda,Ganda,4,1973-01-14,1973-01-14,5,2,2,1,0
36.14349301208301,0.9999999999868258,facility_df,house_df,1878,957,Christine,Christine,4,Mutesi,Mutesi,4,Sela,Sela,4,1931-07-06,1931-07-06,5,2,2,1,0
36.165715445454,0.9999999999870272,facility_df,house_df,446,225,Kaliku,Kaliku,4,Kigenyi,Kigenyi,4,Kyakonye,Kyakonye,4,1978-08-21,1978-09-03,3,1,1,1,0
36.243717957455274,0.9999999999877099,facility_df,house_df,2611,1308,Shamimu,Shamimu,4,Mukebezi,Mukebezi,4,Tara,Tara,4,1974-12-30,1975-01-04,3,2,2,1,0
36.243717957455274,0.9999999999877099,facility_df,house_df,1605,1308,Shamimu,Shamimu,4,Mukebezi,Mukebezi,4,Tara,Tara,4,1974-12-30,1975-01-04,3,2,2,1,0
36.29744174984303,0.9999999999881592,facility_df,house_df,2626,3678,Madina,Madina,4,Namatende,Namatende,4,Sira,Sira,4,2012-12-15,2012-12-15,5,2,2,1,0
36.31035515048556,0.9999999999882647,facility_df,house_df,2356,1446,Tenywa,Tenywa,4,Ausi,Ausi,4,Mwesigwa,Mwesigwa,4,1941-12-26,1942-01-08,3,1,1,1,0
36.32088581797773,0.9999999999883501,facility_df,house_df,1629,2315,Badiru,Badiru,4,Kiranda,Kiranda,4,Kusiima,Kusiima,4,1940-09-10,1940-09-03,3,1,1,1,0
36.33238145681556,0.9999999999884425,facility_df,house_df,2734,296,Mwesigwa,Mwesigwa,4,Magidu,Magidu,4,Bukenya,Bukenya,4,2013-08-12,2013-08-25,3,1,1,1,0
36.39127514586913,0.9999999999889048,facility_df,house_df,1069,499,Jamira,Jamira,4,Nahiya,Nahiya,4,Kiara,Kiara,4,2012-11-30,2012-12-13,3,2,2,1,0
36.39290333049516,0.9999999999889173,facility_df,house_df,1201,2404,Sulaina,Sulaina,4,Naigembe,Naigembe,4,Randa,Randa,4,2025-01-05,2025-01-25,4,2,2,1,0
36.39683467121103,0.9999999999889475,facility_df,house_df,2590,2878,Aidah,Aidah,4,Fatuma,Fatuma,4,Aya,Aya,4,2011-12-13,2011-12-26,3,2,2,1,0
36.39683467121103,0.9999999999889475,facility_df,house_df,2533,2878,Aidah,Aidah,4,Fatuma,Fatuma,4,Aya,Aya,4,2011-12-13,2011-12-26,3,2,2,1,0
36.40989082403648,0.9999999999890471,facility_df,house_df,398,2877,Edirisa,Edirisa,4,Christopher,Christopher,4,Muhairwe,Muhairwe,4,1986-07-10,1986-07-03,3,1,1,1,0
36.4287498512878,0.9999999999891893,facility_df,house_df,2575,2477,George,George,4,Mukama,Mukama,4,Kyeyune,Kyeyune,4,2003-01-23,2003-02-05,3,1,1,1,0
36.4287498512878,0.9999999999891893,facility_df,house_df,278,2477,George,George,4,Mukama,Mukama,4,Kyeyune,Kyeyune,4,2003-01-23,2003-02-05,3,1,1,1,0
36.4478586742355,0.9999999999893315,facility_df,house_df,1673,2770,Hajira,Hajira,4,Asumati,Asumati,4,Rila,Rila,4,1947-06-14,1947-06-27,3,2,2,1,0
36.462358243930616,0.9999999999894382,facility_df,house_df,112,2289,Bazifa,Bazifa,4,Sharifa,Sharifa,4,Tara,Tara,4,1984-10-24,1984-11-06,3,2,2,1,0
36.46503226564857,0.9999999999894578,facility_df,house_df,448,1668,Namukubembe,Namukubembe,4,Mayimuna,Mayimuna,4,,,-1,1971-11-26,1971-11-26,5,2,2,1,0
36.48647557423305,0.9999999999896133,facility_df,house_df,2522,1596,Zaituna,Zaituna,4,Nakagolo,Nakagolo,4,Panda,Panda,4,2025-04-05,2025-04-05,5,2,2,1,0
36.49890075603858,0.9999999999897023,facility_df,house_df,1755,2330,Sauya,Sauya,4,Nakaziba,Nakaziba,4,Azara,Azara,4,1997-08-17,1997-08-17,5,2,2,1,0
36.50675236328907,0.9999999999897583,facility_df,house_df,2862,2696,Isabirye,Isabirye,4,Nakiruba,Nakiruba,4,Kyomuhendo,Kyomuhendo,4,1962-03-15,1962-03-08,3,1,1,1,0
36.50675236328907,0.9999999999897583,facility_df,house_df,1414,2696,Isabirye,Isabirye,4,Nakiruba,Nakiruba,4,Kyomuhendo,Kyomuhendo,4,1962-03-15,1962-03-08,3,1,1,1,0
36.50675236328907,0.9999999999897583,facility_df,house_df,782,2696,Isabirye,Isabirye,4,Nakiruba,Nakiruba,4,Kyomuhendo,Kyomuhendo,4,1962-03-15,1962-03-08,3,1,1,1,0
36.521859255679274,0.999999999989865,facility_df,house_df,1331,2886,Fahadi,Fahadi,4,Sentongo,Sentongo,4,Lwanga,Lwanga,4,2020-08-30,2020-09-12,3,1,1,1,0
36.57233631088688,0.9999999999902135,facility_df,house_df,338,1753,Tendo,Tendo,4,Mutesi,Mutesi,4,Sira,Sira,4,1983-02-25,1983-02-25,5,2,2,1,0
36.58554840843755,0.9999999999903026,facility_df,house_df,1943,2426,Zainabu,Zainabu,4,Shahira,Shahira,4,Ola,Ola,4,2024-06-03,2024-06-23,4,2,2,1,0
36.58921452348104,0.9999999999903273,facility_df,house_df,1743,1483,Sarah,Sarah,4,Zakiya,Zakiya,4,Azara,Azara,4,1935-01-28,1935-02-10,3,2,2,1,0
36.59986176768055,0.9999999999903983,facility_df,house_df,97,2398,Ruth,Ruth,4,Abiba,Abiba,4,Ianda,Ianda,4,1982-12-13,1982-12-06,3,2,2,1,0
36.634957267090876,0.9999999999906292,facility_df,house_df,2573,2740,Janeti,Janeti,4,Asa,Asa,4,,,-1,1987-11-24,1987-11-24,5,2,2,1,0
36.6487713681615,0.9999999999907184,facility_df,house_df,2019,2716,Bazibu,Bazibu,4,Kisambira,Kisambira,4,Mahoro,Mahoro,4,1942-06-22,1942-06-15,3,1,1,1,0
36.65875545673412,0.9999999999907825,facility_df,house_df,62,2684,Suzan,Suzan,4,Ndase,Ndase,4,Wura,Wura,4,1931-01-09,1931-01-22,3,2,2,1,0
36.6688464866025,0.9999999999908467,facility_df,house_df,579,1605,Florence,Florence,4,Shanita,Shanita,4,Bisa,Bisa,4,1960-12-24,1960-12-24,5,2,2,1,0
36.670900145370474,0.9999999999908598,facility_df,house_df,743,4072,Sharon,Sharon,4,Nankwanga,Nankwanga,4,Sira,Sira,4,2004-08-04,2004-08-04,5,2,2,1,0
36.670900145370474,0.9999999999908598,facility_df,house_df,153,3788,Hadija,Hadija,4,Nakagolo,Nakagolo,4,Jira,Jira,4,2011-12-11,2011-12-11,5,2,2,1,0
36.68345589736244,0.9999999999909389,facility_df,house_df,2676,1274,Saidi,Saidi,4,Booza,Booza,4,Hamuza,Hamuza,4,1938-02-18,1938-03-03,3,1,1,1,0
36.68345589736244,0.9999999999909389,facility_df,house_df,2453,1274,Saidi,Saidi,4,Booza,Booza,4,Hamuza,Hamuza,4,1938-02-18,1938-03-03,3,1,1,1,0
36.68345589736244,0.9999999999909389,facility_df,house_df,1600,1274,Saidi,Saidi,4,Booza,Booza,4,Hamuza,Hamuza,4,1938-02-18,1938-03-03,3,1,1,1,0
36.685722504334386,0.9999999999909531,facility_df,house_df,1131,1304,Safia,Safia,4,Nangobi,Nangobi,4,Bama,Bama,4,1978-02-17,1978-03-02,3,2,2,1,0
36.69939744123146,0.9999999999910385,facility_df,house_df,2810,2258,Ashirafu,Ashirafu,4,Asadi,Asadi,4,Mugasha,Mugasha,4,1997-10-06,1997-10-19,3,1,1,1,0
36.73181891892384,0.9999999999912377,facility_df,house_df,2333,262,Badiru,Badiru,4,Musasizi,Musasizi,4,Kikomeko,Kikomeko,4,2007-06-03,2007-06-16,3,1,1,1,0
36.73181891892384,0.9999999999912377,facility_df,house_df,1225,262,Badiru,Badiru,4,Musasizi,Musasizi,4,Kikomeko,Kikomeko,4,2007-06-03,2007-06-16,3,1,1,1,0
36.76978676912286,0.9999999999914653,facility_df,house_df,1774,2863,Jalila,Jalila,4,Kaudha,Kaudha,4,Inara,Inara,4,1983-05-24,1983-06-06,3,2,2,1,0
36.781859601423434,0.9999999999915363,facility_df,house_df,2531,2678,Janati,Janati,4,Mirisa,Mirisa,4,Qima,Qima,4,2020-05-12,2020-05-05,3,2,2,1,0
36.781859601423434,0.9999999999915363,facility_df,house_df,1910,2678,Janati,Janati,4,Mirisa,Mirisa,4,Qima,Qima,4,2020-05-12,2020-05-05,3,2,2,1,0
36.83537071672068,0.9999999999918445,facility_df,house_df,698,2291,Rose,Rose,4,Nangobi,Nangobi,4,Wira,Wira,4,1980-12-04,1980-12-04,5,2,2,1,0
36.86932244267378,0.9999999999920343,facility_df,house_df,1463,1443,Magumba,Magumba,4,Bateganya,Bateganya,4,Kalyango,Kalyango,4,2015-07-22,2015-08-11,3,1,1,1,0
36.90948150747973,0.9999999999922529,facility_df,house_df,1797,3187,Babirye,Babirye,4,Namukose,Namukose,4,Gia,Gia,4,1966-05-07,1966-05-07,5,2,2,1,0
36.92178986256791,0.9999999999923187,facility_df,house_df,1904,2345,Nabakoza,Nabakoza,4,Nakidodo,Nakidodo,4,Bria,Bria,4,1986-10-26,1986-11-08,3,2,2,1,0
36.93347171185786,0.9999999999923807,facility_df,house_df,1482,434,Kimumwe,Kimumwe,4,Kabugo,Kabugo,4,Kajubi,Kajubi,4,1946-12-03,1946-12-23,4,1,1,1,0
36.96194892737387,0.9999999999925295,facility_df,house_df,847,577,Nankwanga,Nankwanga,4,Kagoya,Kagoya,4,Cira,Cira,4,1991-04-29,1991-04-29,5,2,2,1,0
36.96243184706526,0.9999999999925321,facility_df,house_df,969,2497,Bakali,Bakali,4,Balidawa,Balidawa,4,Buyinza,Buyinza,4,2008-03-31,2008-04-13,3,1,1,1,0
36.97786583121631,0.9999999999926116,facility_df,house_df,2671,1489,Ashifati,Ashifati,4,Mwase,Mwase,4,Kamya,Kamya,4,1930-12-03,1930-12-23,4,1,1,1,0
36.99647601727298,0.9999999999927063,facility_df,house_df,1187,2297,Nakaziba,Nakaziba,4,Zainabu,Zainabu,4,Sira,Sira,4,1941-03-03,1941-03-03,5,2,2,1,0
37.02132553611882,0.9999999999928308,facility_df,house_df,709,2396,Zubeda,Zubeda,4,Kitabona,Kitabona,4,Haya,Haya,4,2027-01-29,2027-02-18,3,2,2,1,0
37.03282117495666,0.9999999999928877,facility_df,house_df,1192,2407,Isaac,Isaac,4,Kalenzi,Kalenzi,4,Masolo,Masolo,4,2005-06-25,2005-07-08,3,1,1,1,0
37.04732074465177,0.9999999999929589,facility_df,house_df,2504,2493,Isiko,Isiko,4,Akisamu,Akisamu,4,Mwesigwa,Mwesigwa,4,2018-07-17,2018-07-30,3,1,1,1,0
37.04732074465177,0.9999999999929589,facility_df,house_df,2173,2493,Isiko,Isiko,4,Akisamu,Akisamu,4,Mwesigwa,Mwesigwa,4,2018-07-17,2018-07-30,3,1,1,1,0
37.04732074465177,0.9999999999929589,facility_df,house_df,1114,2493,Isiko,Isiko,4,Akisamu,Akisamu,4,Mwesigwa,Mwesigwa,4,2018-07-17,2018-07-30,3,1,1,1,0
37.04886539670293,0.9999999999929664,facility_df,house_df,2372,4052,Nambi,Nambi,4,Naigaga,Naigaga,4,Qira,Qira,4,2018-07-11,2018-07-11,5,2,2,1,0
37.04999476636972,0.9999999999929718,facility_df,house_df,2274,3239,Hibba,Hibba,4,Kuteganya,Kuteganya,4,,,-1,1940-07-14,1940-07-14,5,2,2,1,0
37.04999476636972,0.9999999999929718,facility_df,house_df,997,3719,Janiffer,Janiffer,4,Olive,Olive,4,,,-1,2004-12-30,2004-12-30,5,2,2,1,0
37.05038360769153,0.9999999999929737,facility_df,house_df,758,2735,Minina,Minina,4,Mutesi,Mutesi,4,Dara,Dara,4,1974-10-25,1974-10-25,5,2,2,1,0
37.050869772832066,0.9999999999929762,facility_df,house_df,561,623,Salima,Salima,4,Naiwumbwe,Naiwumbwe,4,Vira,Vira,4,2024-10-10,2024-10-10,5,2,2,1,0
37.050869772832066,0.9999999999929762,facility_df,house_df,1787,2207,Nangobi,Nangobi,4,Namuwaya,Namuwaya,4,Landa,Landa,4,1957-05-05,1957-05-05,5,2,2,1,0
37.06196752061617,0.9999999999930299,facility_df,house_df,833,2288,Lovisa,Lovisa,4,Fahima,Fahima,4,Zada,Zada,4,1950-07-20,1950-08-02,3,2,2,1,0
37.119200098781064,0.999999999993301,facility_df,house_df,2744,3612,Mariam,Mariam,4,Sulaina,Sulaina,4,Vara,Vara,4,1944-05-13,1944-05-13,5,2,2,1,0
37.165715445454,0.9999999999935136,facility_df,house_df,1747,2479,Hassan,Hassan,4,Isa,Isa,4,Deo,Deo,4,1931-05-24,1931-06-06,3,1,1,1,0
37.165715445454,0.9999999999935136,facility_df,house_df,1434,2479,Hassan,Hassan,4,Isa,Isa,4,Deo,Deo,4,1931-05-24,1931-06-06,3,1,1,1,0
37.170510909158715,0.9999999999935351,facility_df,house_df,1689,477,Hamidu,Hamidu,4,Basoga,Basoga,4,Abbo,Abbo,4,1966-09-08,1966-09-28,4,1,1,1,0
37.184824268401705,0.9999999999935989,facility_df,house_df,1356,2832,Hussein,Hussein,4,Kayigwa,Kayigwa,4,Jose,Jose,4,2021-11-06,2021-11-19,3,1,1,1,0
37.184824268401705,0.9999999999935989,facility_df,house_df,1501,1381,Faridah,Faridah,4,Becca,Becca,4,Chika,Chika,4,2006-06-11,2006-07-01,3,2,2,1,0
37.19125053756114,0.9999999999936274,facility_df,house_df,182,315,Magumba,Magumba,4,Samuel,Samuel,4,Munyagwa,Munyagwa,4,1965-05-26,1965-05-19,3,1,1,1,0
37.21048376351254,0.9999999999937118,facility_df,house_df,1207,3960,Mutesi,Mutesi,4,Kyakuwaire,Kyakuwaire,4,Ganda,Ganda,4,1999-08-11,1999-08-11,5,2,2,1,0
37.217245746094086,0.9999999999937412,facility_df,house_df,2892,439,Lukowe,Lukowe,4,Timugibwa,Timugibwa,4,Nira,Nira,4,1954-02-20,1954-03-05,3,2,2,1,0
37.24090023705011,0.9999999999938429,facility_df,house_df,2795,244,Wamubi,Wamubi,4,Manisuli,Manisuli,4,Nakiwala,Nakiwala,4,2022-11-29,2022-11-22,4,1,1,1,0
37.255399806745224,0.9999999999939045,facility_df,house_df,263,1481,Salamusida,Salamusida,4,Sharifa,Sharifa,4,Leela,Leela,4,2003-02-08,2003-01-08,4,2,2,1,0
37.268246370547466,0.9999999999939586,facility_df,house_df,697,3338,Nabirye,Nabirye,4,Balungi,Balungi,4,Nira,Nira,4,2006-12-17,2006-12-17,5,2,2,1,0
37.27362692556747,0.999999999993981,facility_df,house_df,1659,563,Naigaga,Naigaga,4,Wotali,Wotali,4,Yira,Yira,4,1993-12-08,1993-12-08,5,2,2,1,0
37.297946604762885,0.9999999999940816,facility_df,house_df,554,1420,Mutesi,Mutesi,4,Margret,Margret,4,Xama,Xama,4,1947-01-30,1947-01-30,5,2,2,1,0
37.30662884786268,0.9999999999941172,facility_df,house_df,1840,289,Shamina,Shamina,4,Babirye,Babirye,4,Eanda,Eanda,4,1931-09-26,1931-09-26,5,2,2,1,0
37.306846574810436,0.999999999994118,facility_df,house_df,1692,2157,Jamawa,Jamawa,4,Naigaga,Naigaga,4,Ama,Ama,4,1933-09-05,1933-09-05,5,2,2,1,0
37.33682736184676,0.999999999994239,facility_df,house_df,2600,397,Betty,Betty,4,Nakakawa,Nakakawa,4,Mena,Mena,4,1933-04-17,1933-05-07,3,2,2,1,0
37.33891838581919,0.9999999999942474,facility_df,house_df,1376,2349,Kaziba,Kaziba,4,Sowobi,Sowobi,4,Lwasa,Lwasa,4,1962-04-28,1962-04-28,5,1,1,1,0
37.35474926984402,0.9999999999943101,facility_df,house_df,2885,381,Haminsi,Haminsi,4,Hassan,Hassan,4,Kamya,Kamya,4,1940-03-14,1940-03-07,3,1,1,1,0
37.35474926984402,0.9999999999943101,facility_df,house_df,121,381,Haminsi,Haminsi,4,Hassan,Hassan,4,Kamya,Kamya,4,1940-03-14,1940-03-07,3,1,1,1,0
37.40989082403648,0.9999999999945235,facility_df,house_df,1508,1427,Nabanda,Nabanda,4,Asina,Asina,4,Lala,Lala,4,1957-11-24,1957-12-07,3,2,2,1,0
37.41364295889759,0.9999999999945377,facility_df,house_df,2192,2465,Bonfance,Bonfance,4,Ayubu,Ayubu,4,Lukwago,Lukwago,4,1935-08-22,1935-09-04,3,1,1,1,0
37.41364295889759,0.9999999999945377,facility_df,house_df,910,2465,Bonfance,Bonfance,4,Ayubu,Ayubu,4,Lukwago,Lukwago,4,1935-08-22,1935-09-04,3,1,1,1,0
37.462022530508506,0.9999999999947179,facility_df,house_df,924,1579,Janet,Janet,4,Namulondo,Namulondo,4,Esa,Esa,4,1972-02-24,1972-02-24,5,2,2,1,0
37.465421106970375,0.9999999999947303,facility_df,house_df,2691,267,Lukia,Lukia,4,Mutesi,Mutesi,4,Lama,Lama,4,1949-11-10,1949-11-10,5,2,2,1,0
37.47504350356173,0.9999999999947653,facility_df,house_df,1770,2284,Kwezera,Kwezera,4,Isa,Isa,4,Mugenzi,Mugenzi,4,1931-03-15,1931-03-28,3,1,1,1,0
37.47536549068713,0.9999999999947665,facility_df,house_df,2428,2487,Namulwasira,Namulwasira,4,Kabatoro,Kabatoro,4,Qima,Qima,4,2008-12-04,2008-12-24,4,2,2,1,0
37.490509245343986,0.9999999999948211,facility_df,house_df,1290,3805,Nakagolo,Nakagolo,4,Fatuma,Fatuma,4,Vida,Vida,4,1984-02-18,1984-02-18,5,2,2,1,0
37.492439004046076,0.9999999999948281,facility_df,house_df,734,1405,Mutale,Mutale,4,Alone,Alone,4,Kabuye,Kabuye,4,1932-05-30,1932-05-03,4,1,1,1,0
37.49477972162299,0.9999999999948365,facility_df,house_df,1023,335,Kusein,Kusein,4,Ukasha,Ukasha,4,Mwesigwa,Mwesigwa,4,1977-11-14,1977-11-27,3,1,1,1,0
37.498693481202245,0.9999999999948505,facility_df,house_df,2656,1724,Naigaga,Naigaga,4,Namuwanga,Namuwanga,4,Eanda,Eanda,4,2007-09-05,2007-09-05,5,2,2,1,0
37.50675236328907,0.9999999999948791,facility_df,house_df,1619,240,Safina,Safina,4,Shatra,Shatra,4,Lyra,Lyra,4,1939-02-12,1939-01-16,3,2,2,1,0
37.50675236328907,0.9999999999948791,facility_df,house_df,1423,367,Wahabu,Wahabu,4,Kalangabisa,Kalangabisa,4,Amos,Amos,4,1960-10-12,1960-10-25,3,1,1,1,0
37.53917384098145,0.9999999999949929,facility_df,house_df,2364,2309,Isabirye,Isabirye,4,Isifu,Isifu,4,Erwau,Erwau,4,1954-10-28,1954-11-10,3,1,1,1,0
37.53917384098145,0.9999999999949929,facility_df,house_df,1541,2309,Isabirye,Isabirye,4,Isifu,Isifu,4,Erwau,Erwau,4,1954-10-28,1954-11-10,3,1,1,1,0
37.544684385495025,0.999999999995012,facility_df,house_df,93,806,Nangobi,Nangobi,4,Rayan,Rayan,4,Malinga,Malinga,4,2003-08-20,2003-08-20,5,1,1,1,0
37.547394347786415,0.9999999999950214,facility_df,house_df,1790,437,Humairi,Humairi,4,Mulani,Mulani,4,Khaoya,Khaoya,4,1997-12-10,1997-12-23,3,1,1,1,0
37.57654069344593,0.999999999995121,facility_df,house_df,1838,1490,Eriasa,Eriasa,4,Bakali,Bakali,4,Malinga,Malinga,4,2004-12-11,2004-12-04,3,1,1,1,0
37.58075294473284,0.9999999999951352,facility_df,house_df,1800,2745,Byansi,Byansi,4,Jamali,Jamali,4,Kyakonye,Kyakonye,4,1943-06-08,1943-06-21,3,1,1,1,0
37.598394972239795,0.9999999999951943,facility_df,house_df,1907,3628,Nabirye,Nabirye,4,Janat,Janat,4,Ela,Ela,4,2001-01-01,2001-01-01,5,2,2,1,0
37.59986176768055,0.9999999999951992,facility_df,house_df,2501,344,Zabina,Zabina,4,Otala,Otala,4,Oni,Oni,4,1948-01-27,1948-02-16,3,2,2,1,0
37.60462692595131,0.999999999995215,facility_df,house_df,756,1473,Nankwanga,Nankwanga,4,Kauma,Kauma,4,Afia,Afia,4,1941-02-23,1941-02-23,5,2,2,1,0
37.606288036839985,0.9999999999952205,facility_df,house_df,2541,1477,Grace,Grace,4,Kauthara,Kauthara,4,Danda,Danda,4,1945-11-24,1945-12-14,3,2,2,1,0
37.606288036839985,0.9999999999952205,facility_df,house_df,2451,2387,Mwajuma,Mwajuma,4,Ntono,Ntono,4,Afia,Afia,4,2018-12-21,2019-01-10,3,2,2,1,0
37.606288036839985,0.9999999999952205,facility_df,house_df,1007,2666,Patrick,Patrick,4,Faruku,Faruku,4,Mande,Mande,4,1937-08-13,1937-08-26,3,1,1,1,0
37.60676980795076,0.9999999999952222,facility_df,house_df,2157,1658,Sauya,Sauya,4,Nakagolo,Nakagolo,4,Amaya,Amaya,4,1949-07-26,1949-07-26,5,2,2,1,0
37.632283245372925,0.9999999999953059,facility_df,house_df,2722,2799,Wambi,Wambi,4,Saidi,Saidi,4,Khaoya,Khaoya,4,1982-09-16,1982-09-29,3,1,1,1,0
37.634957267090876,0.9999999999953145,facility_df,house_df,2745,2072,Rita,Rita,4,Nakangu,Nakangu,4,,,-1,1965-10-27,1965-10-27,5,2,2,1,0
37.65593773632895,0.9999999999953822,facility_df,house_df,7,1366,Haifa,Haifa,4,Alice,Alice,4,Xama,Xama,4,1945-12-27,1945-12-20,4,2,2,1,0
37.66768858150412,0.9999999999954197,facility_df,house_df,429,2429,Zaina,Zaina,4,Kantono,Kantono,4,Canda,Canda,4,1987-05-24,1987-06-06,3,2,2,1,0
37.68781352830682,0.9999999999954832,facility_df,house_df,2826,99,Najuwa,Najuwa,4,Nangobi,Nangobi,4,Panda,Panda,4,2015-03-31,2015-03-31,5,2,2,1,0
37.69939744123146,0.9999999999955193,facility_df,house_df,2449,2332,Ibrahim,Ibrahim,4,Rahim,Rahim,4,Hamuza,Hamuza,4,1931-03-14,1931-03-27,3,1,1,1,0
37.71320324075649,0.9999999999955619,facility_df,house_df,1837,2690,Saida,Saida,4,Bayati,Bayati,4,Nola,Nola,4,1977-05-03,1977-05-16,3,2,2,1,0
37.71483142538252,0.9999999999955669,facility_df,house_df,2308,2273,Taliki,Taliki,4,Mudhasilu,Mudhasilu,4,Lukwago,Lukwago,4,1950-03-01,1950-03-21,4,1,1,1,0
37.72767798918476,0.9999999999956062,facility_df,house_df,302,3660,Nabirye,Nabirye,4,Shaufa,Shaufa,4,Haya,Haya,4,1940-09-13,1940-09-13,5,2,2,1,0
37.73416285939214,0.9999999999956259,facility_df,house_df,1745,224,Namukose,Namukose,4,Shirat,Shirat,4,Nama,Nama,4,2002-08-21,2002-09-03,3,2,2,1,0
37.76978676912286,0.9999999999957326,facility_df,house_df,470,2889,Jamira,Jamira,4,Nabwire,Nabwire,4,Rira,Rira,4,2014-06-27,2014-07-17,3,2,2,1,0
37.78428633881798,0.9999999999957753,facility_df,house_df,2063,1413,Rwabaga,Rwabaga,4,Jerome,Jerome,4,Mukama,Mukama,4,2018-08-29,2018-09-18,3,1,1,1,0
37.802456094247944,0.9999999999958281,facility_df,house_df,139,1462,Namuyindi,Namuyindi,4,Mutesi,Mutesi,4,Qira,Qira,4,1940-07-02,1940-07-02,5,2,2,1,0
37.82847735149562,0.9999999999959027,facility_df,house_df,442,1779,Nangobi,Nangobi,4,Mbabazi,Mbabazi,4,Fara,Fara,4,1978-07-31,1978-07-31,5,2,2,1,0
37.82868045817643,0.9999999999959033,facility_df,house_df,2644,1359,Muzafalu,Muzafalu,4,Ibra,Ibra,4,Mbaziira,Mbaziira,4,2005-11-26,2005-12-16,3,1,1,1,0
37.82868045817643,0.9999999999959033,facility_df,house_df,744,1359,Muzafalu,Muzafalu,4,Ibra,Ibra,4,Mbaziira,Mbaziira,4,2005-11-26,2005-12-16,3,1,1,1,0
37.82868045817643,0.9999999999959033,facility_df,house_df,881,2402,Sumini,Sumini,4,Nantale,Nantale,4,Achara,Achara,4,1935-07-24,1935-08-06,3,2,2,1,0
37.84036230746638,0.9999999999959364,facility_df,house_df,2603,246,Edirisa,Edirisa,4,Grace,Grace,4,Kosiya,Kosiya,4,2011-10-02,2011-10-22,4,1,1,1,0
37.84036230746638,0.9999999999959364,facility_df,house_df,1856,246,Edirisa,Edirisa,4,Grace,Grace,4,Kosiya,Kosiya,4,2011-10-02,2011-10-22,4,1,1,1,0
37.86932244267378,0.9999999999960171,facility_df,house_df,1439,352,Kiirya,Kiirya,4,Babi,Babi,4,Kaoma,Kaoma,4,1956-06-05,1956-05-16,3,1,1,1,0
37.86932244267378,0.9999999999960171,facility_df,house_df,292,365,Twairi,Twairi,4,Abdu,Abdu,4,Muhairwe,Muhairwe,4,2003-02-16,2003-03-01,3,1,1,1,0
37.86932244267378,0.9999999999960171,facility_df,house_df,687,352,Kiirya,Kiirya,4,Babi,Babi,4,Kaoma,Kaoma,4,1956-06-05,1956-05-16,3,1,1,1,0
37.86932244267378,0.9999999999960171,facility_df,house_df,1079,285,Godfrey,Godfrey,4,Alamanzan,Alamanzan,4,Nakulima,Nakulima,4,1955-12-19,1956-01-01,3,1,1,1,0
37.86932244267378,0.9999999999960171,facility_df,house_df,509,2679,Sanon,Sanon,4,Mukupya,Mukupya,4,Kagimu,Kagimu,4,2002-09-03,2002-09-16,3,1,1,1,0
37.882404250564186,0.999999999996053,facility_df,house_df,706,1885,Betty,Betty,4,Hadija,Hadija,4,Mira,Mira,4,1971-04-22,1971-04-22,5,2,2,1,0
37.90584831869889,0.9999999999961167,facility_df,house_df,106,416,Shafuwa,Shafuwa,4,Biribawa,Biribawa,4,Sira,Sira,4,1951-04-12,1951-04-05,3,2,2,1,0
37.907476503324915,0.9999999999961211,facility_df,house_df,2280,342,Mugoya,Mugoya,4,Kyaze,Kyaze,4,Kasekende,Kasekende,4,2016-01-03,2016-01-23,4,1,1,1,0
37.907476503324915,0.9999999999961211,facility_df,house_df,1437,340,Zihura,Zihura,4,Mirembe,Mirembe,4,Ola,Ola,4,1963-04-08,1963-04-28,4,2,2,1,0
37.97623764659029,0.9999999999963016,facility_df,house_df,1182,2440,Kabaseke,Kabaseke,4,Kisanafu,Kisanafu,4,Ibrahim,Ibrahim,4,2011-08-28,2011-09-10,3,1,1,1,0
38.0127635226154,0.9999999999963941,facility_df,house_df,2051,2408,Joshua,Joshua,4,Kisimoni,Kisimoni,4,Ibrahim,Ibrahim,4,1963-09-08,1963-09-21,3,1,1,1,0
38.01439170724143,0.9999999999963981,facility_df,house_df,2696,1358,Yakuti,Yakuti,4,Emanuel,Emanuel,4,Ganyana,Ganyana,4,1933-06-27,1933-06-20,4,1,1,1,0
38.02132553611882,0.9999999999964154,facility_df,house_df,411,2786,Muwaiswa,Muwaiswa,4,Mwandha,Mwandha,4,Gidudu,Gidudu,4,1997-04-07,1997-04-20,3,1,1,1,0
38.02132553611882,0.9999999999964154,facility_df,house_df,2406,2256,Namuwaya,Namuwaya,4,Zauja,Zauja,4,Oanda,Oanda,4,1973-01-29,1973-01-02,3,2,2,1,0
38.03282117495665,0.9999999999964438,facility_df,house_df,2495,396,Isima,Isima,4,Akramu,Akramu,4,Lwanga,Lwanga,4,1970-07-01,1970-06-04,3,1,1,1,0
38.051234504231026,0.9999999999964889,facility_df,house_df,2473,3913,Naigaga,Naigaga,4,Mercy,Mercy,4,Lila,Lila,4,1949-04-15,1949-04-15,5,2,2,1,0
38.0523292520065,0.9999999999964916,facility_df,house_df,9,2951,Madina,Madina,4,Shirati,Shirati,4,Sira,Sira,4,1997-07-10,1997-07-10,5,2,2,1,0
38.06196752061617,0.999999999996515,facility_df,house_df,405,231,Patrick,Patrick,4,Mukaya,Mukaya,4,Ikwaput,Ikwaput,4,2015-11-19,2015-12-02,3,1,1,1,0
38.0714380749542,0.9999999999965378,facility_df,house_df,2700,2342,Shamina,Shamina,4,Naisanga,Naisanga,4,Sira,Sira,4,1941-11-29,1941-11-29,5,2,2,1,0
38.07379295601296,0.9999999999965434,facility_df,house_df,266,2480,Bayati,Bayati,4,Lukaiya,Lukaiya,4,Panda,Panda,4,1938-10-13,1938-11-02,3,2,2,1,0
38.07379295601296,0.9999999999965434,facility_df,house_df,1771,2424,Ivan,Ivan,4,Kisubi,Kisubi,4,Lwasa,Lwasa,4,2010-11-10,2010-11-23,3,1,1,1,0
38.09171486401022,0.9999999999965861,facility_df,house_df,2678,1278,Yiidi,Yiidi,4,Rabika,Rabika,4,Munyagwa,Munyagwa,4,1937-06-05,1937-06-18,3,1,1,1,0
38.09171486401022,0.9999999999965861,facility_df,house_df,1816,493,Vicky,Vicky,4,Nakakande,Nakakande,4,Rira,Rira,4,1995-06-04,1995-05-28,3,2,2,1,0
38.09171486401022,0.9999999999965861,facility_df,house_df,1534,1278,Yiidi,Yiidi,4,Rabika,Rabika,4,Munyagwa,Munyagwa,4,1937-06-05,1937-06-18,3,1,1,1,0
38.09171486401022,0.9999999999965861,facility_df,house_df,161,1325,Bwire,Bwire,4,Kisanafu,Kisanafu,4,Kalyango,Kalyango,4,1976-11-06,1976-11-19,3,1,1,1,0
38.09171486401022,0.9999999999965861,facility_df,house_df,1781,1313,Swabiru,Swabiru,4,Basham,Basham,4,Mande,Mande,4,1994-06-09,1994-05-29,3,1,1,1,0
38.09171486401022,0.9999999999965861,facility_df,house_df,356,2882,Rose,Rose,4,Namwabira,Namwabira,4,Laila,Laila,4,1973-01-20,1972-12-05,3,2,2,1,0
38.09305467992565,0.9999999999965893,facility_df,house_df,2004,412,Naigaga,Naigaga,4,Machikula,Machikula,4,Pira,Pira,4,2001-04-18,2001-04-18,5,2,2,1,0
38.09380588798266,0.9999999999965911,facility_df,house_df,2369,3440,Bushira,Bushira,4,Nabirye,Nabirye,4,Giza,Giza,4,2023-01-08,2023-01-08,5,2,2,1,0
38.103787696310796,0.9999999999966146,facility_df,house_df,556,279,Asha,Asha,4,Lazia,Lazia,4,Ula,Ula,4,1941-11-11,1941-11-24,3,2,2,1,0
38.12802160332057,0.9999999999966709,facility_df,house_df,994,3462,Mutesi,Mutesi,4,Nakato,Nakato,4,Aylin,Aylin,4,2017-09-12,2017-09-12,5,2,2,1,0
38.12824074003534,0.9999999999966714,facility_df,house_df,876,2410,Siraji,Siraji,4,Dagada,Dagada,4,Mukama,Mukama,4,1969-03-07,1969-02-15,3,1,1,1,0
38.13033176400777,0.9999999999966762,facility_df,house_df,427,578,Namuwaya,Namuwaya,4,Faima,Faima,4,Mira,Mira,4,1960-11-03,1960-11-03,5,2,2,1,0
38.17097374850512,0.9999999999967686,facility_df,house_df,211,2013,Janet,Janet,4,Shakira,Shakira,4,Rima,Rima,4,1990-05-16,1990-05-16,5,2,2,1,0
38.184316708683745,0.9999999999967983,facility_df,house_df,2125,417,Sukeina,Sukeina,4,Namuli,Namuli,4,Yona,Yona,4,2019-08-07,2019-08-27,4,2,2,1,0
38.184316708683745,0.9999999999967983,facility_df,house_df,978,417,Sukeina,Sukeina,4,Namuli,Namuli,4,Yona,Yona,4,2019-08-07,2019-08-27,4,2,2,1,0
38.19125053756114,0.9999999999968137,facility_df,house_df,1872,2844,Asumati,Asumati,4,Shamida,Shamida,4,Haya,Haya,4,1951-12-09,1951-12-22,3,2,2,1,0
38.19125053756114,0.9999999999968137,facility_df,house_df,2509,264,Buradina,Buradina,4,Namunana,Namunana,4,Ranya,Ranya,4,2023-01-16,2023-01-09,3,2,2,1,0
38.20573916666579,0.9999999999968455,facility_df,house_df,434,3973,Kisambira,Kisambira,4,James,James,4,Mirembe,Mirembe,4,2003-04-02,2003-04-02,5,1,1,1,0
38.217245746094086,0.9999999999968706,facility_df,house_df,632,2800,Shamida,Shamida,4,Atiika,Atiika,4,Ama,Ama,4,1991-02-23,1991-01-27,3,2,2,1,0
38.22755727687149,0.9999999999968929,facility_df,house_df,2521,2373,Mutesi,Mutesi,4,Sheira,Sheira,4,Gima,Gima,4,1981-11-29,1981-11-29,5,2,2,1,0
38.243717957455274,0.9999999999969275,facility_df,house_df,2463,1319,Abdallah,Abdallah,4,Kusaini,Kusaini,4,Jajja,Jajja,4,1994-11-23,1994-12-06,3,1,1,1,0
38.243717957455274,0.9999999999969275,facility_df,house_df,1309,2746,Namugose,Namugose,4,Zaina,Zaina,4,Emani,Emani,4,1992-12-04,1992-12-17,3,2,2,1,0
38.25250363400172,0.9999999999969461,facility_df,house_df,2209,1974,Nakagolo,Nakagolo,4,Namukobe,Namukobe,4,Inara,Inara,4,2025-07-01,2025-07-01,5,2,2,1,0
38.28435994195262,0.9999999999970128,facility_df,house_df,1777,290,Naume,Naume,4,Lukia,Lukia,4,Halima,Halima,4,1993-07-29,1993-08-18,3,2,2,1,0
38.28435994195262,0.9999999999970128,facility_df,house_df,1433,1314,Rayan,Rayan,4,Igulu,Igulu,4,Kyota,Kyota,4,1933-07-15,1933-07-08,3,1,1,1,0
38.296792910146515,0.9999999999970385,facility_df,house_df,2359,3599,Grace,Grace,4,Naigaga,Naigaga,4,Landa,Landa,4,1957-08-24,1957-08-24,5,2,2,1,0
38.3270929504224,0.9999999999971,facility_df,house_df,2264,976,Lovisa,Lovisa,4,Kauma,Kauma,4,Sama,Sama,4,2018-10-30,2018-10-30,5,2,2,1,0
38.35203930755263,0.9999999999971497,facility_df,house_df,2193,2925,Nangobi,Nangobi,4,Mbwali,Mbwali,4,Ura,Ura,4,1980-03-11,1980-03-11,5,2,2,1,0
38.35474926984402,0.999999999997155,facility_df,house_df,659,2287,Yeseri,Yeseri,4,Abdul,Abdul,4,Mirembe,Mirembe,4,1985-10-09,1985-10-22,3,1,1,1,0
38.35474926984402,0.999999999997155,facility_df,house_df,477,497,Mwesigwa,Mwesigwa,4,Wangooye,Wangooye,4,Kulubya,Kulubya,4,1975-06-11,1975-06-24,3,1,1,1,0
38.3583605233964,0.9999999999971622,facility_df,house_df,201,462,Kakaire,Kakaire,4,George,George,4,Kyakonye,Kyakonye,4,1939-04-22,1939-05-05,3,1,1,1,0
38.36588543341946,0.9999999999971769,facility_df,house_df,852,257,Nambi,Nambi,4,Nangobi,Nangobi,4,Tanda,Tanda,4,1989-06-22,1989-06-22,5,2,2,1,0
38.36588543341946,0.9999999999971769,facility_df,house_df,936,1201,Naswiba,Naswiba,4,Mutesi,Mutesi,4,Mena,Mena,4,1937-08-26,1937-08-26,5,2,2,1,0
38.36588543341946,0.9999999999971769,facility_df,house_df,1348,2028,Janet,Janet,4,Mutesi,Mutesi,4,Tisa,Tisa,4,1968-11-01,1968-11-01,5,2,2,1,0
38.36924883953913,0.9999999999971835,facility_df,house_df,1767,366,Sowedi,Sowedi,4,Bikaba,Bikaba,4,Baguma,Baguma,4,1973-04-03,1973-04-16,3,1,1,1,0
38.371339863511565,0.9999999999971876,facility_df,house_df,8,2902,Namutamba,Namutamba,4,Sumaya,Sumaya,4,Bria,Bria,4,1997-02-18,1997-02-18,5,2,2,1,0
38.37956037031653,0.9999999999972036,facility_df,house_df,2452,60,Shanita,Shanita,4,Aisha,Aisha,4,Chika,Chika,4,1973-08-15,1973-08-15,5,2,2,1,0
38.39105600915437,0.9999999999972258,facility_df,house_df,2258,1160,Mutesi,Mutesi,4,Kyobika,Kyobika,4,Mena,Mena,4,1973-03-05,1973-03-05,5,2,2,1,0
38.41364295889759,0.9999999999972689,facility_df,house_df,2704,2388,Alamanzan,Alamanzan,4,Naku,Naku,4,Casmir,Casmir,4,1971-09-11,1971-09-24,3,1,1,1,0
38.445148711944114,0.9999999999973279,facility_df,house_df,1279,3804,Fauza,Fauza,4,Naiwumbwe,Naiwumbwe,4,Gama,Gama,4,1948-05-09,1948-05-09,5,2,2,1,0
38.48138785537544,0.9999999999973942,facility_df,house_df,665,583,Kikyonkyo,Kikyonkyo,4,Fatuma,Fatuma,4,Ema,Ema,4,1957-08-14,1957-08-14,5,2,2,1,0
38.49081081942005,0.9999999999974111,facility_df,house_df,2821,250,Ashirafu,Ashirafu,4,Rashid,Rashid,4,Kimeze,Kimeze,4,2011-09-13,2011-09-06,3,1,1,1,0
38.498196143061996,0.9999999999974244,facility_df,house_df,2636,1189,Mwajuma,Mwajuma,4,Nakiranda,Nakiranda,4,Ema,Ema,4,1981-03-03,1981-03-03,5,2,2,1,0
38.5088433872615,0.9999999999974433,facility_df,house_df,2670,2347,Kagoya,Kagoya,4,Nuulu,Nuulu,4,Ima,Ima,4,1939-02-23,1939-02-23,5,2,2,1,0
38.53917384098145,0.9999999999974964,facility_df,house_df,990,2811,Masitula,Masitula,4,Tulyanabo,Tulyanabo,4,Uma,Uma,4,1965-03-04,1965-02-12,3,2,2,1,0
38.53917384098145,0.9999999999974964,facility_df,house_df,1325,2710,Isa,Isa,4,Kabulugu,Kabulugu,4,Ekwaro,Ekwaro,4,2014-08-14,2014-08-07,3,1,1,1,0
38.54948537175885,0.9999999999975143,facility_df,house_df,1622,222,Zabina,Zabina,4,Shakira,Shakira,4,Akira,Akira,4,2004-01-17,2004-01-17,5,2,2,1,0
38.54982891147731,0.9999999999975149,facility_df,house_df,125,1384,Namatende,Namatende,4,Anisha,Anisha,4,Ema,Ema,4,2003-01-29,2003-01-29,5,2,2,1,0
38.57443172888908,0.999999999997557,facility_df,house_df,1127,1656,Nakagolo,Nakagolo,4,Magemeso,Magemeso,4,Vira,Vira,4,2022-10-04,2022-10-04,5,2,2,1,0
38.575480580291796,0.9999999999975587,facility_df,house_df,2221,1371,Fatuma,Fatuma,4,Zahara,Zahara,4,Kirabo,Kirabo,4,1944-02-03,1944-02-03,5,2,2,1,0
38.58425078991952,0.9999999999975735,facility_df,house_df,1632,3720,Kisambira,Kisambira,4,Kisuyi,Kisuyi,4,Mukasa,Mukasa,4,1958-02-16,1958-02-16,5,1,1,1,0
38.58921452348104,0.9999999999975818,facility_df,house_df,2194,2664,Getrude,Getrude,4,Kisakye,Kisakye,4,Nanda,Nanda,4,1943-05-04,1943-04-07,3,2,2,1,0
38.59555502045483,0.9999999999975924,facility_df,house_df,779,981,Naigaga,Naigaga,4,Favour,Favour,4,Fanda,Fanda,4,1999-01-30,1999-01-30,5,2,2,1,0
38.606288036839985,0.9999999999976102,facility_df,house_df,1716,2445,Faishali,Faishali,4,Musenero,Musenero,4,Casmir,Casmir,4,1933-08-07,1933-07-31,3,1,1,1,0
38.619874699650246,0.9999999999976327,facility_df,house_df,1191,3479,Tenywa,Tenywa,4,Edrine,Edrine,4,Lukwago,Lukwago,4,1983-07-30,1983-07-30,5,1,1,1,0
38.623485953202625,0.9999999999976386,facility_df,house_df,2432,816,Ayubu,Ayubu,4,Kakaire,Kakaire,4,Madoi,Madoi,4,2010-10-12,2010-10-12,5,1,1,1,0
38.632283245372925,0.999999999997653,facility_df,house_df,1516,1465,Mathias,Mathias,4,Sinani,Sinani,4,Khaoya,Khaoya,4,1983-03-22,1983-04-11,3,1,1,1,0
38.632283245372925,0.999999999997653,facility_df,house_df,2216,1441,Lasifa,Lasifa,4,Naisanga,Naisanga,4,Mama,Mama,4,2001-07-07,2001-06-10,3,2,2,1,0
38.65875545673412,0.9999999999976956,facility_df,house_df,2009,430,Mbwali,Mbwali,4,Babone,Babone,4,Gani,Gani,4,1956-11-16,1956-11-29,3,2,2,1,0
38.66768858150412,0.9999999999977098,facility_df,house_df,2761,2391,Abudala,Abudala,4,Bazibu,Bazibu,4,Mugenzi,Mugenzi,4,1991-05-15,1991-05-28,3,1,1,1,0
38.675016253842706,0.9999999999977215,facility_df,house_df,2152,1749,Zabina,Zabina,4,Peace,Peace,4,Bisa,Bisa,4,1959-05-24,1959-05-24,5,2,2,1,0
38.67667736473138,0.999999999997724,facility_df,house_df,1485,2334,Tonny,Tonny,4,Paul,Paul,4,Muliika,Muliika,4,1962-03-11,1962-03-24,3,1,1,1,0
38.75547340987987,0.9999999999978451,facility_df,house_df,667,2270,Amuli,Amuli,4,Mutesa,Mutesa,4,Jogo,Jogo,4,1981-10-10,1981-10-30,4,1,1,1,0
38.755936249226274,0.9999999999978457,facility_df,house_df,2175,3505,Kaziba,Kaziba,4,Kiranda,Kiranda,4,Muhammed,Muhammed,4,1980-03-31,1980-03-31,5,1,1,1,0
38.76978676912286,0.9999999999978663,facility_df,house_df,664,2307,Afani,Afani,4,Muntazali,Muntazali,4,Masolo,Masolo,4,1935-01-07,1935-01-20,3,1,1,1,0
38.778304062254726,0.9999999999978789,facility_df,house_df,2191,1379,Kisakye,Kisakye,4,Margret,Margret,4,Dara,Dara,4,1959-10-23,1959-10-23,5,2,2,1,0
38.790837010981114,0.9999999999978972,facility_df,house_df,1613,1101,Ayubu,Ayubu,4,Isabirye,Isabirye,4,Kafumbe,Kafumbe,4,1999-08-01,1999-08-01,5,1,1,1,0
38.79893311478238,0.999999999997909,facility_df,house_df,2113,2327,Peter,Peter,4,Bazibu,Bazibu,4,Najjemba,Najjemba,4,2022-04-24,2022-04-17,3,1,1,1,0
38.80429927078767,0.9999999999979168,facility_df,house_df,2738,3821,Fatuma,Fatuma,4,Kubonaku,Kubonaku,4,Dara,Dara,4,1934-02-14,1934-02-14,5,2,2,1,0
38.81251977759264,0.9999999999979285,facility_df,house_df,2807,2253,Muwanika,Muwanika,4,Kakaire,Kakaire,4,Nadduli,Nadduli,4,1980-02-28,1980-02-28,5,1,1,1,0
38.813344410390684,0.9999999999979298,facility_df,house_df,1440,935,Shatra,Shatra,4,Nangobi,Nangobi,4,Manda,Manda,4,2023-11-21,2023-11-21,5,2,2,1,0
38.813344410390684,0.9999999999979298,facility_df,house_df,2881,2438,Nakiyemba,Nakiyemba,4,Mutesi,Mutesi,4,Fama,Fama,4,1978-06-09,1978-06-09,5,2,2,1,0
38.820787393576246,0.9999999999979404,facility_df,house_df,1009,956,Nabirye,Nabirye,4,Rahma,Rahma,4,Sela,Sela,4,2001-02-09,2001-02-09,5,2,2,1,0
38.82868045817643,0.9999999999979516,facility_df,house_df,2558,1467,Igaga,Igaga,4,Ssemata,Ssemata,4,Hassan,Hassan,4,2012-04-25,2012-05-08,3,1,1,1,0
38.82868045817643,0.9999999999979516,facility_df,house_df,2458,1467,Igaga,Igaga,4,Ssemata,Ssemata,4,Hassan,Hassan,4,2012-04-25,2012-05-08,3,1,1,1,0
38.82868045817643,0.9999999999979516,facility_df,house_df,1724,2443,Talausi,Talausi,4,Sudaisi,Sudaisi,4,Lumala,Lumala,4,2000-07-31,2000-08-13,3,1,1,1,0
38.82868045817643,0.9999999999979516,facility_df,house_df,1601,2468,Zubairi,Zubairi,4,Kirume,Kirume,4,Ibingira,Ibingira,4,1996-11-08,1996-11-21,3,1,1,1,0
38.82868045817643,0.9999999999979516,facility_df,house_df,1462,2313,Abdallah,Abdallah,4,Richard,Richard,4,Afa,Afa,4,2021-08-23,2021-09-12,3,1,1,1,0
38.845878374539076,0.999999999997976,facility_df,house_df,2482,105,Namuwaya,Namuwaya,4,Kitawulwa,Kitawulwa,4,Qira,Qira,4,1935-07-10,1935-07-10,5,2,2,1,0
38.857738529749135,0.9999999999979925,facility_df,house_df,504,2959,Sylvia,Sylvia,4,Nangobi,Nangobi,4,Dara,Dara,4,2016-10-15,2016-10-15,5,2,2,1,0
38.86242468341896,0.999999999997999,facility_df,house_df,77,2216,Aisa,Aisa,4,Namuwaya,Namuwaya,4,Xara,Xara,4,2003-01-05,2003-01-05,5,2,2,1,0
38.864987197486776,0.9999999999980026,facility_df,house_df,177,1047,Tenywa,Tenywa,4,Alamazani,Alamazani,4,Mugasha,Mugasha,4,1991-11-13,1991-11-13,5,1,1,1,0
38.868839522982384,0.9999999999980079,facility_df,house_df,1898,678,Nasimu,Nasimu,4,Nakanda,Nakanda,4,Gia,Gia,4,1992-11-13,1992-11-13,5,2,2,1,0
38.868839522982384,0.9999999999980079,facility_df,house_df,1316,3832,Musa,Musa,4,Tenywa,Tenywa,4,Kyomuhendo,Kyomuhendo,4,1996-02-10,1996-02-10,5,1,1,1,0
38.86932244267378,0.9999999999980086,facility_df,house_df,742,1362,Byaluhanga,Byaluhanga,4,Basoga,Basoga,4,Gidudu,Gidudu,4,1937-11-25,1937-12-15,3,1,1,1,0
38.87657517176199,0.9999999999980186,facility_df,house_df,2582,2737,Mugoya,Mugoya,4,Waiswa,Waiswa,4,Feta,Feta,4,1975-05-17,1975-05-17,5,1,1,1,0
38.88045860624922,0.9999999999980239,facility_df,house_df,2295,1583,Bayati,Bayati,4,Nangobi,Nangobi,4,Jama,Jama,4,1996-04-19,1996-04-19,5,2,2,1,0
38.93057553911436,0.9999999999980913,facility_df,house_df,1751,2431,Nangobi,Nangobi,4,Becca,Becca,4,Nyala,Nyala,4,1966-11-27,1966-11-27,5,2,2,1,0
38.943323024117554,0.9999999999981082,facility_df,house_df,2736,1332,Kapisi,Kapisi,4,Sulaiman,Sulaiman,4,Kyakonye,Kyakonye,4,2019-06-28,2019-07-11,3,1,1,1,0
38.95421134026029,0.9999999999981224,facility_df,house_df,345,2473,Nagawa,Nagawa,4,Nakaima,Nakaima,4,Uma,Uma,4,1941-11-23,1941-12-06,3,2,2,1,0
38.95421134026029,0.9999999999981224,facility_df,house_df,1575,2262,Ahamada,Ahamada,4,Titus,Titus,4,Jjingo,Jjingo,4,1963-03-08,1963-03-21,3,1,1,1,0
38.97786583121631,0.9999999999981529,facility_df,house_df,1915,1372,Kiranda,Kiranda,4,Asuman,Asuman,4,Casmir,Casmir,4,1964-06-09,1964-06-29,4,1,1,1,0
38.998605459618744,0.9999999999981792,facility_df,house_df,715,2293,Butelaba,Butelaba,4,Movia,Movia,4,Akina,Akina,4,1941-07-17,1941-07-30,3,2,2,1,0
38.99928828919837,0.9999999999981801,facility_df,house_df,884,1672,Kisambira,Kisambira,4,Hudaiya,Hudaiya,4,Nadduli,Nadduli,4,1986-02-06,1986-02-06,5,1,1,1,0
39.00069648359118,0.9999999999981819,facility_df,house_df,1551,1253,Masitula,Masitula,4,Nabirye,Nabirye,4,Giza,Giza,4,1990-05-17,1990-05-17,5,2,2,1,0
39.00681459275413,0.9999999999981896,facility_df,house_df,308,3180,Aisha,Aisha,4,Sheira,Sheira,4,Fara,Fara,4,2005-01-04,2005-01-04,5,2,2,1,0
39.02132553611882,0.9999999999982077,facility_df,house_df,1240,377,Nanangwe,Nanangwe,4,Kawala,Kawala,4,Ada,Ada,4,1934-07-03,1934-07-16,3,2,2,1,0
39.03282117495665,0.999999999998222,facility_df,house_df,2189,350,Swabuulu,Swabuulu,4,Tigasitwa,Tigasitwa,4,Nadduli,Nadduli,4,1980-07-30,1980-08-19,3,1,1,1,0
39.03491219892909,0.9999999999982245,facility_df,house_df,301,660,Mwesigwa,Mwesigwa,4,Lwabaga,Lwabaga,4,Labeja,Labeja,4,1993-06-12,1993-06-12,5,1,1,1,0
39.09171486401022,0.999999999998293,facility_df,house_df,640,1315,Kaawa,Kaawa,4,Naigwe,Naigwe,4,Halima,Halima,4,1942-03-03,1942-02-24,3,2,2,1,0
39.09171486401022,0.999999999998293,facility_df,house_df,2609,1329,Nsera,Nsera,4,Wagubi,Wagubi,4,Mugasha,Mugasha,4,1989-10-18,1989-10-31,3,1,1,1,0
39.09171486401022,0.999999999998293,facility_df,house_df,279,1315,Kaawa,Kaawa,4,Naigwe,Naigwe,4,Halima,Halima,4,1942-03-03,1942-02-24,3,2,2,1,0
39.09171486401022,0.999999999998293,facility_df,house_df,1132,1396,Tamuzadde,Tamuzadde,4,Wamubi,Wamubi,4,Mugabi,Mugabi,4,1975-10-21,1975-10-06,3,1,1,1,0
39.09380588798266,0.9999999999982955,facility_df,house_df,1785,2764,Hajira,Hajira,4,Madina,Madina,4,Ziba,Ziba,4,1996-01-16,1996-01-16,5,2,2,1,0
39.14894744217512,0.9999999999983594,facility_df,house_df,1666,3288,Lukia,Lukia,4,Sumaya,Sumaya,4,Sana,Sana,4,1989-04-21,1989-04-21,5,2,2,1,0
39.153900235146175,0.9999999999983651,facility_df,house_df,1112,951,Muwaya,Muwaya,4,Bwana,Bwana,4,Igomu,Igomu,4,1975-03-17,1975-03-17,5,1,1,1,0
39.184316708683745,0.9999999999983992,facility_df,house_df,2149,2670,Sadat,Sadat,4,Sadam,Sadam,4,Ganyana,Ganyana,4,1990-03-31,1990-03-11,4,1,1,1,0
39.19125053756114,0.9999999999984068,facility_df,house_df,2399,1299,Deborah,Deborah,4,Kantono,Kantono,4,Ola,Ola,4,1940-01-25,1940-02-14,3,2,2,1,0
39.19898812467471,0.9999999999984154,facility_df,house_df,1952,1430,Christine,Christine,4,Namulinda,Namulinda,4,Oma,Oma,4,1959-11-13,1959-11-13,5,2,2,1,0
39.223441168399255,0.999999999998442,facility_df,house_df,2632,2400,John,John,4,James,James,4,Isingoma,Isingoma,4,1958-10-22,1958-10-22,5,1,1,1,0
39.243717957455274,0.9999999999984638,facility_df,house_df,1946,2339,Nakadama,Nakadama,4,Nakirya,Nakirya,4,Leela,Leela,4,1990-08-22,1990-08-15,3,2,2,1,0
39.248315837038284,0.9999999999984687,facility_df,house_df,2092,4087,Zabina,Zabina,4,Namuwaya,Namuwaya,4,Amaya,Amaya,4,2025-06-05,2025-06-05,5,2,2,1,0
39.25474210619772,0.9999999999984754,facility_df,house_df,1377,3712,Salima,Salima,4,Shakira,Shakira,4,Mika,Mika,4,2003-08-17,2003-08-17,5,2,2,1,0
39.26373088942497,0.9999999999984849,facility_df,house_df,1729,786,Reticia,Reticia,4,Nabirye,Nabirye,4,Hara,Hara,4,2004-06-17,2004-06-17,5,2,2,1,0
39.28435994195262,0.9999999999985064,facility_df,house_df,439,2296,Wahabu,Wahabu,4,Mwoga,Mwoga,4,Chemusto,Chemusto,4,1950-11-05,1950-11-18,3,1,1,1,0
39.28874277743304,0.999999999998511,facility_df,house_df,2304,3235,Namugose,Namugose,4,Fatuma,Fatuma,4,Tala,Tala,4,2006-08-17,2006-08-17,5,2,2,1,0
39.296792910146515,0.9999999999985192,facility_df,house_df,1991,25,Hakima,Hakima,4,Naigaga,Naigaga,4,Wura,Wura,4,1967-03-22,1967-03-22,5,2,2,1,0
39.32121638408573,0.999999999998544,facility_df,house_df,1714,584,Kisambira,Kisambira,4,Kapisi,Kapisi,4,Mukitale,Mukitale,4,1991-11-18,1991-11-18,5,1,1,1,0
39.3270929504224,0.99999999999855,facility_df,house_df,1660,3793,Ruth,Ruth,4,Kamega,Kamega,4,Bintu,Bintu,4,1935-07-05,1935-07-05,5,2,2,1,0
39.35203930755263,0.9999999999985749,facility_df,house_df,365,3304,Nakagolo,Nakagolo,4,Shaufa,Shaufa,4,Eanda,Eanda,4,1969-04-04,1969-04-04,5,2,2,1,0
39.35474926984402,0.9999999999985776,facility_df,house_df,2586,1356,Kubona,Kubona,4,Zakia,Zakia,4,Tanda,Tanda,4,1962-05-02,1962-05-15,3,2,2,1,0
39.35474926984402,0.9999999999985776,facility_df,house_df,2889,2326,Balidawa,Balidawa,4,Faluku,Faluku,4,Muhairwe,Muhairwe,4,1983-05-29,1983-06-18,3,1,1,1,0
39.356840293816454,0.9999999999985796,facility_df,house_df,891,2058,Mwesigwa,Mwesigwa,4,Daudi,Daudi,4,Lukwago,Lukwago,4,1943-01-16,1943-01-16,5,1,1,1,0
39.36467613323055,0.9999999999985872,facility_df,house_df,2323,1769,Namusobya,Namusobya,4,Waiswa,Waiswa,4,Ikwaput,Ikwaput,4,1943-11-28,1943-11-28,5,1,1,1,0
39.36924883953913,0.9999999999985918,facility_df,house_df,825,1300,Arafati,Arafati,4,Mulondo,Mulondo,4,Kefa,Kefa,4,2019-10-26,2019-11-15,3,1,1,1,0
39.36924883953913,0.9999999999985918,facility_df,house_df,1311,349,Najibu,Najibu,4,Innocent,Innocent,4,Kikomeko,Kikomeko,4,1975-09-20,1975-09-05,3,1,1,1,0
39.36924883953913,0.9999999999985918,facility_df,house_df,2105,2492,Lawrence,Lawrence,4,Lugonda,Lugonda,4,Kafumbe,Kafumbe,4,1959-08-24,1959-08-17,3,1,1,1,0
39.382616928749876,0.9999999999986048,facility_df,house_df,543,2978,Namukose,Namukose,4,Namuwaya,Namuwaya,4,Talia,Talia,4,1941-05-08,1941-05-08,5,2,2,1,0
39.39336616984156,0.9999999999986151,facility_df,house_df,1791,1599,Amina,Amina,4,Vanisha,Vanisha,4,Sela,Sela,4,1972-01-01,1972-01-01,5,2,2,1,0
39.41364295889759,0.9999999999986344,facility_df,house_df,2349,1292,Bakibisemu,Bakibisemu,4,Katiko,Katiko,4,Kamuhanda,Kamuhanda,4,2008-01-12,2007-12-23,3,1,1,1,0
39.41364295889759,0.9999999999986344,facility_df,house_df,459,1419,Sudaisi,Sudaisi,4,Kiyemba,Kiyemba,4,Muliika,Muliika,4,2000-11-09,2000-11-22,3,1,1,1,0
39.41364295889759,0.9999999999986344,facility_df,house_df,528,2277,Reticia,Reticia,4,Angel,Angel,4,Bria,Bria,4,1965-10-19,1965-11-08,3,2,2,1,0
39.41573398287002,0.9999999999986364,facility_df,house_df,804,1111,Sumini,Sumini,4,Namugaya,Namugaya,4,Zara,Zara,4,1997-02-11,1997-02-11,5,2,2,1,0
39.4384540593701,0.9999999999986577,facility_df,house_df,777,3469,Hawa,Hawa,4,Namaganda,Namaganda,4,Tasha,Tasha,4,1985-09-06,1985-09-06,5,2,2,1,0
39.45380202370354,0.999999999998672,facility_df,house_df,2903,314,Namusobya,Namusobya,4,Nambi,Nambi,4,Gia,Gia,4,2010-08-29,2010-08-29,5,2,2,1,0
39.46444926790305,0.9999999999986817,facility_df,house_df,243,321,Joyce,Joyce,4,Swabula,Swabula,4,Tara,Tara,4,1980-02-07,1980-02-07,5,2,2,1,0
39.46444926790305,0.9999999999986817,facility_df,house_df,1167,162,John,John,4,Ukasha,Ukasha,4,Jose,Jose,4,2005-04-01,2005-04-01,5,1,1,1,0
39.465421106970375,0.9999999999986826,facility_df,house_df,2180,3266,Namuyindi,Namuyindi,4,Nangobi,Nangobi,4,Bila,Bila,4,1935-04-03,1935-04-03,5,2,2,1,0
39.48237117590031,0.9999999999986979,facility_df,house_df,2081,3226,Mwesigwa,Mwesigwa,4,Ziraba,Ziraba,4,Kiiza,Kiiza,4,2001-07-21,2001-07-21,5,1,1,1,0
39.492439004046076,0.999999999998707,facility_df,house_df,107,254,Mugaya,Mugaya,4,Mayanja,Mayanja,4,Jakisa,Jakisa,4,1932-02-08,1932-02-28,4,1,1,1,0
39.498196143061996,0.9999999999987121,facility_df,house_df,894,1449,Namaganda,Namaganda,4,Shaluwa,Shaluwa,4,Adima,Adima,4,1968-09-11,1968-09-11,5,2,2,1,0
39.50675236328907,0.9999999999987198,facility_df,house_df,1147,339,Alihamidu,Alihamidu,4,Mubaale,Mubaale,4,Guwatudde,Guwatudde,4,1992-12-15,1992-12-28,3,1,1,1,0
39.50675236328907,0.9999999999987198,facility_df,house_df,386,482,Nasozi,Nasozi,4,Hajara,Hajara,4,Nyala,Nyala,4,2028-12-20,2029-01-02,3,2,2,1,0
39.53037654881114,0.9999999999987406,facility_df,house_df,303,977,Fahadi,Fahadi,4,Musa,Musa,4,Magyezi,Magyezi,4,1968-07-19,1968-07-19,5,1,1,1,0
39.53581043486177,0.9999999999987453,facility_df,house_df,2514,1216,Nasita,Nasita,4,Nangobi,Nangobi,4,Tanda,Tanda,4,1953-03-02,1953-03-02,5,2,2,1,0
39.54126486495388,0.99999999999875,facility_df,house_df,1684,792,Emmanuel,Emmanuel,4,Kaziba,Kaziba,4,Munyagwa,Munyagwa,4,1942-10-04,1942-10-04,5,1,1,1,0
39.54536926328662,0.9999999999987536,facility_df,house_df,372,3860,Hairat,Hairat,4,Nakagolo,Nakagolo,4,Wura,Wura,4,1948-11-24,1948-11-24,5,2,2,1,0
39.54948537175885,0.9999999999987571,facility_df,house_df,1118,826,Nakasango,Nakasango,4,Namulondo,Namulondo,4,Landa,Landa,4,1932-02-10,1932-02-10,5,2,2,1,0
39.54948537175885,0.9999999999987571,facility_df,house_df,2827,3997,Shakira,Shakira,4,Kauma,Kauma,4,Lala,Lala,4,1935-07-29,1935-07-29,5,2,2,1,0
39.56398494145397,0.9999999999987695,facility_df,house_df,1402,1305,Robinah,Robinah,4,Sumaya,Sumaya,4,Diara,Diara,4,2020-12-31,2020-12-31,5,2,2,1,0
39.575480580291796,0.9999999999987793,facility_df,house_df,1526,613,Tenywa,Tenywa,4,Falidi,Falidi,4,Isingoma,Isingoma,4,1997-09-07,1997-09-07,5,1,1,1,0
39.586011247783965,0.9999999999987882,facility_df,house_df,2071,3043,Namususwa,Namususwa,4,Takuwa,Takuwa,4,Femi,Femi,4,2026-05-10,2026-05-10,5,2,2,1,0
39.59130554745347,0.9999999999987926,facility_df,house_df,1251,1975,Kamuyati,Kamuyati,4,Timugibwa,Timugibwa,4,Vira,Vira,4,2007-11-11,2007-11-11,5,2,2,1,0
39.601952791652984,0.9999999999988015,facility_df,house_df,143,2836,Iduma,Iduma,4,Sowobi,Sowobi,4,Nadduli,Nadduli,4,1976-04-28,1976-04-28,5,1,1,1,0
39.601952791652984,0.9999999999988015,facility_df,house_df,2607,2375,Nakasolo,Nakasolo,4,Namulinda,Namulinda,4,Inara,Inara,4,1985-01-22,1985-01-22,5,2,2,1,0
39.60266540961803,0.9999999999988022,facility_df,house_df,580,3617,Salima,Salima,4,Namususwa,Namususwa,4,Mika,Mika,4,2018-08-21,2018-08-21,5,2,2,1,0
39.606288036839985,0.9999999999988052,facility_df,house_df,241,2414,Mutuku,Mutuku,4,Katabazi,Katabazi,4,Jakisa,Jakisa,4,2003-02-10,2003-02-03,3,1,1,1,0
39.60945289416374,0.9999999999988077,facility_df,house_df,597,3423,Nakaziba,Nakaziba,4,Azena,Azena,4,Oma,Oma,4,1962-11-01,1962-11-01,5,2,2,1,0
39.63437426934536,0.9999999999988282,facility_df,house_df,1896,1146,Tendo,Tendo,4,Sumaya,Sumaya,4,Inara,Inara,4,1942-10-12,1942-10-12,5,2,2,1,0
39.64021514793442,0.9999999999988329,facility_df,house_df,525,928,Nakidodo,Nakidodo,4,Mudungu,Mudungu,4,Tala,Tala,4,2023-05-09,2023-05-09,5,2,2,1,0
39.65640057567536,0.9999999999988459,facility_df,house_df,2771,20,Shamina,Shamina,4,Mercy,Mercy,4,Kala,Kala,4,1963-08-24,1963-08-24,5,2,2,1,0
39.65875545673412,0.9999999999988478,facility_df,house_df,2686,226,Abubakali,Abubakali,4,Lunkumu,Lunkumu,4,Jjunju,Jjunju,4,1934-08-07,1934-08-20,3,1,1,1,0
39.65875545673412,0.9999999999988478,facility_df,house_df,2583,226,Abubakali,Abubakali,4,Lunkumu,Lunkumu,4,Jjunju,Jjunju,4,1934-08-07,1934-08-20,3,1,1,1,0
39.659362989531225,0.9999999999988483,facility_df,house_df,914,2167,Namwirya,Namwirya,4,Naigaga,Naigaga,4,Xara,Xara,4,2002-05-27,2002-05-27,5,2,2,1,0
39.66530612889725,0.999999999998853,facility_df,house_df,765,645,Namugaya,Namugaya,4,Shanita,Shanita,4,Cira,Cira,4,2006-02-02,2006-02-02,5,2,2,1,0
39.675016253842706,0.9999999999988607,facility_df,house_df,1031,513,Muwaya,Muwaya,4,Magala,Magala,4,Jogo,Jogo,4,1943-01-02,1943-01-02,5,1,1,1,0
39.69084122100439,0.9999999999988731,facility_df,house_df,2302,3884,Musa,Musa,4,Musa,Musa,4,Katabazi,Katabazi,4,1976-12-27,1976-12-27,5,1,1,1,0
39.70454502363724,0.9999999999988838,facility_df,house_df,2665,3209,Kisambira,Kisambira,4,Titus,Titus,4,Mugenzi,Mugenzi,4,1978-11-02,1978-11-02,5,1,1,1,0
39.71298410404173,0.9999999999988903,facility_df,house_df,1347,1178,Muwaya,Muwaya,4,Deburash,Deburash,4,Mugasha,Mugasha,4,2005-05-31,2005-05-31,5,1,1,1,0
39.72108590253869,0.9999999999988965,facility_df,house_df,971,293,Naigaga,Naigaga,4,Afuwa,Afuwa,4,Farida,Farida,4,2016-08-19,2016-08-19,5,2,2,1,0
39.72534792939285,0.9999999999988998,facility_df,house_df,861,2474,Siraji,Siraji,4,Tenywa,Tenywa,4,Kanakulya,Kanakulya,4,1944-11-16,1944-11-16,5,1,1,1,0
39.73181891892384,0.9999999999989047,facility_df,house_df,1731,2669,David,David,4,Abdulahim,Abdulahim,4,Chemusto,Chemusto,4,2016-08-01,2016-08-14,3,1,1,1,0
39.743308640898526,0.9999999999989134,facility_df,house_df,2388,1867,Fazira,Fazira,4,Ruth,Ruth,4,Ema,Ema,4,1972-03-03,1972-03-03,5,2,2,1,0
39.75547340987987,0.9999999999989225,facility_df,house_df,1686,265,Anisa,Anisa,4,Nakasolo,Nakasolo,4,Dila,Dila,4,1957-06-01,1957-06-21,4,2,2,1,0
39.76627819344773,0.9999999999989305,facility_df,house_df,2604,2376,Shafiga,Shafiga,4,Naigaga,Naigaga,4,Nola,Nola,4,1962-03-01,1962-03-01,5,2,2,1,0
39.76978676912286,0.9999999999989332,facility_df,house_df,2492,2651,Tamusuza,Tamusuza,4,Mubiru,Mubiru,4,Nalwbwama,Nalwbwama,4,1965-01-16,1965-01-09,3,1,1,1,0
39.76978676912286,0.9999999999989332,facility_df,house_df,898,2651,Tamusuza,Tamusuza,4,Mubiru,Mubiru,4,Nalwbwama,Nalwbwama,4,1965-01-16,1965-01-09,3,1,1,1,0
39.77669480939307,0.9999999999989383,facility_df,house_df,1845,273,Salima,Salima,4,Nalubanga,Nalubanga,4,Nola,Nola,4,1930-05-29,1930-05-29,5,2,2,1,0
39.778304062254726,0.9999999999989394,facility_df,house_df,1056,1807,Namulero,Namulero,4,Namukose,Namukose,4,Dara,Dara,4,1969-01-10,1969-01-10,5,2,2,1,0
39.82868045817643,0.9999999999989758,facility_df,house_df,2491,243,Jamiru,Jamiru,4,Kuluseni,Kuluseni,4,Kobusheshe,Kobusheshe,4,1967-10-09,1967-10-22,3,1,1,1,0
39.82868045817643,0.9999999999989758,facility_df,house_df,1515,1264,Najibu,Najibu,4,Kati,Kati,4,Lumala,Lumala,4,2010-04-17,2010-04-30,3,1,1,1,0
39.84082514681279,0.9999999999989844,facility_df,house_df,2851,3892,Jackline,Jackline,4,Namumbya,Namumbya,4,Mira,Mira,4,2012-09-19,2012-09-19,5,2,2,1,0
39.845878374539076,0.9999999999989879,facility_df,house_df,1933,3364,Sadiki,Sadiki,4,Lwabaga,Lwabaga,4,Kyeyune,Kyeyune,4,1940-07-23,1940-07-23,5,1,1,1,0
39.87141346664621,0.9999999999990057,facility_df,house_df,2571,1045,Hussein,Hussein,4,Muwaya,Muwaya,4,Jogo,Jogo,4,2025-06-12,2025-06-12,5,1,1,1,0
39.87141346664621,0.9999999999990057,facility_df,house_df,2347,923,Ali,Ali,4,Abdu,Abdu,4,Kalyango,Kalyango,4,2020-01-15,2020-01-15,5,1,1,1,0
39.87657517176199,0.9999999999990092,facility_df,house_df,1078,3639,Booza,Booza,4,Waiswa,Waiswa,4,Ibingira,Ibingira,4,1964-12-15,1964-12-15,5,1,1,1,0
39.87829985223145,0.9999999999990105,facility_df,house_df,2215,3595,Kwagala,Kwagala,4,Namususwa,Namususwa,4,Qira,Qira,4,1977-10-13,1977-10-13,5,2,2,1,0
39.884756426824836,0.9999999999990149,facility_df,house_df,2667,2444,Nankanja,Nankanja,4,Nandhego,Nandhego,4,Laila,Laila,4,2007-11-01,2007-11-21,4,2,2,1,0
39.919434981509156,0.9999999999990383,facility_df,house_df,2812,3710,Nakisuyi,Nakisuyi,4,Sarah,Sarah,4,Yona,Yona,4,1934-07-17,1934-07-17,5,2,2,1,0
39.92032306712716,0.9999999999990389,facility_df,house_df,2461,414,Nabirye,Nabirye,4,Shabura,Shabura,4,Eanda,Eanda,4,1966-04-21,1966-04-21,5,2,2,1,0
39.92178986256791,0.9999999999990399,facility_df,house_df,1639,436,Basiti,Basiti,4,Adiru,Adiru,4,Kabugo,Kabugo,4,1983-04-04,1983-04-17,3,1,1,1,0
39.92178986256791,0.9999999999990399,facility_df,house_df,1495,436,Basiti,Basiti,4,Adiru,Adiru,4,Kabugo,Kabugo,4,1983-04-04,1983-04-17,3,1,1,1,0
39.92655502083867,0.999999999999043,facility_df,house_df,276,881,Sumaya,Sumaya,4,Nakimbugwe,Nakimbugwe,4,Uma,Uma,4,1940-02-17,1940-02-17,5,2,2,1,0
39.94000055190362,0.9999999999990519,facility_df,house_df,64,2024,Nakiyemba,Nakiyemba,4,Nakaziba,Nakaziba,4,Haniya,Haniya,4,1943-08-17,1943-08-17,5,2,2,1,0
39.94180279453761,0.9999999999990531,facility_df,house_df,2543,3394,Isabirye,Isabirye,4,Idinda,Idinda,4,Mukasa,Mukasa,4,1976-02-21,1976-02-21,5,1,1,1,0
39.94541404808999,0.9999999999990554,facility_df,house_df,1360,3817,Ibanda,Ibanda,4,Kaziba,Kaziba,4,Kyakonye,Kyakonye,4,1979-03-08,1979-03-08,5,1,1,1,0
39.946318275660104,0.999999999999056,facility_df,house_df,1604,3739,Nakidodo,Nakidodo,4,Salama,Salama,4,Ama,Ama,4,1954-04-11,1954-04-11,5,2,2,1,0
39.959950141247866,0.9999999999990649,facility_df,house_df,1128,2852,Nakaziba,Nakaziba,4,Nubuwati,Nubuwati,4,Banda,Banda,4,2017-02-25,2017-02-25,5,2,2,1,0
39.97623764659029,0.9999999999990754,facility_df,house_df,2060,2320,Kyobe,Kyobe,4,Mubiru,Mubiru,4,Kimeze,Kimeze,4,1988-07-16,1988-07-29,3,1,1,1,0
39.978328670562725,0.9999999999990767,facility_df,house_df,2793,905,Umaru,Umaru,4,Edirisa,Edirisa,4,Najjuma,Najjuma,4,1949-10-12,1949-10-12,5,1,1,1,0
39.983888195904626,0.9999999999990803,facility_df,house_df,568,1540,Florence,Florence,4,Janat,Janat,4,Handa,Handa,4,1967-07-21,1967-07-21,5,2,2,1,0
39.98528143120449,0.9999999999990812,facility_df,house_df,391,3290,Betty,Betty,4,Nanghendo,Nanghendo,4,Fara,Fara,4,1959-01-24,1959-01-24,5,2,2,1,0
39.9904015028633,0.9999999999990844,facility_df,house_df,1902,3115,Kawala,Kawala,4,Janat,Janat,4,Oma,Oma,4,1954-06-06,1954-06-06,5,2,2,1,0
39.998605459618744,0.9999999999990896,facility_df,house_df,544,2417,Perusi,Perusi,4,Anita,Anita,4,Ziba,Ziba,4,2015-06-20,2015-06-13,3,2,2,1,0
40.00634304673232,0.9999999999990945,facility_df,house_df,1599,3760,Sowedi,Sowedi,4,Isabirye,Isabirye,4,Isingoma,Isingoma,4,2000-07-19,2000-07-19,5,1,1,1,0
40.014854546587834,0.9999999999990998,facility_df,house_df,1507,2723,Jamawa,Jamawa,4,Kyozira,Kyozira,4,Mira,Mira,4,1963-11-09,1963-11-09,5,2,2,1,0
40.064058544588605,0.99999999999913,facility_df,house_df,2079,2369,Rehema,Rehema,4,Rahuma,Rahuma,4,Wama,Wama,4,1946-02-18,1946-02-18,5,2,2,1,0
40.0758839799854,0.9999999999991371,facility_df,house_df,1095,444,Zubairi,Zubairi,4,Maganda,Maganda,4,Masiko,Masiko,4,2016-06-25,2016-06-25,5,1,1,1,0
40.07740150476723,0.999999999999138,facility_df,house_df,1882,1309,Bazigu,Bazigu,4,Mwanje,Mwanje,4,Kanusu,Kanusu,4,2018-01-04,2018-01-24,4,1,1,1,0
40.09171486401022,0.9999999999991466,facility_df,house_df,1269,1363,Loy,Loy,4,Topi,Topi,4,Ila,Ila,4,1968-06-18,1968-07-08,3,2,2,1,0
40.09171486401022,0.9999999999991466,facility_df,house_df,868,1363,Loy,Loy,4,Topi,Topi,4,Ila,Ila,4,1968-06-18,1968-07-08,3,2,2,1,0
40.09380588798266,0.9999999999991478,facility_df,house_df,44,3830,Waiswa,Waiswa,4,Magemeso,Magemeso,4,Mukasa,Mukasa,4,2007-04-06,2007-04-06,5,1,1,1,0
40.14323379098072,0.9999999999991764,facility_df,house_df,2786,2722,Mbabazi,Mbabazi,4,Isiko,Isiko,4,Masinde,Masinde,4,2024-08-05,2024-08-05,5,1,1,1,0
40.16044308101295,0.9999999999991862,facility_df,house_df,1518,2802,Asuman,Asuman,4,Kirunda,Kirunda,4,Lwanga,Lwanga,4,1986-04-11,1986-04-11,5,1,1,1,0
40.183712860335795,0.9999999999991992,facility_df,house_df,871,278,Namukose,Namukose,4,Tahiya,Tahiya,4,Chanya,Chanya,4,1939-01-18,1939-01-18,5,2,2,1,0
40.20141486206926,0.999999999999209,facility_df,house_df,2414,933,Booza,Booza,4,Munilu,Munilu,4,Masiko,Masiko,4,2007-01-25,2007-01-25,5,1,1,1,0
40.21606163803366,0.999999999999217,facility_df,house_df,462,2366,Sumaya,Sumaya,4,Fazira,Fazira,4,Ola,Ola,4,1960-08-11,1960-08-11,5,2,2,1,0
40.231409602367094,0.9999999999992253,facility_df,house_df,2657,3552,Namubiru,Namubiru,4,Shaluwa,Shaluwa,4,Nira,Nira,4,1941-07-20,1941-07-20,5,2,2,1,0
40.24136307639652,0.9999999999992306,facility_df,house_df,36,292,Kaziba,Kaziba,4,Elijah,Elijah,4,Mukisa,Mukisa,4,1964-03-07,1964-03-07,5,1,1,1,0
40.26373088942497,0.9999999999992425,facility_df,house_df,1634,3972,Sarah,Sarah,4,Biyinzika,Biyinzika,4,Ziba,Ziba,4,1967-04-22,1967-04-22,5,2,2,1,0
40.268246370547466,0.9999999999992448,facility_df,house_df,1549,590,Nabirye,Nabirye,4,Beatrice,Beatrice,4,Manda,Manda,4,1937-03-12,1937-03-12,5,2,2,1,0
40.27050942205603,0.999999999999246,facility_df,house_df,1742,3648,Babra,Babra,4,Shakira,Shakira,4,Kiara,Kiara,4,1948-07-28,1948-07-28,5,2,2,1,0
40.297946604762885,0.9999999999992603,facility_df,house_df,2039,2427,Muwaya,Muwaya,4,Kisanafu,Kisanafu,4,Nalwbwama,Nalwbwama,4,1988-06-29,1988-06-29,5,1,1,1,0
40.31887244361743,0.9999999999992709,facility_df,house_df,1807,652,Nakato,Nakato,4,Zaituna,Zaituna,4,Akina,Akina,4,1956-08-11,1956-08-11,5,2,2,1,0
40.32121638408573,0.999999999999272,facility_df,house_df,2202,2791,Kisambira,Kisambira,4,Abdulrahuman,Abdulrahuman,4,Mugasha,Mugasha,4,2012-04-20,2012-04-20,5,1,1,1,0
40.32121638408573,0.999999999999272,facility_df,house_df,1111,26,Kisambira,Kisambira,4,Sajabi,Sajabi,4,Kazi,Kazi,4,1952-07-28,1952-07-28,5,1,1,1,0
40.322976841950165,0.9999999999992729,facility_df,house_df,184,3731,Namususwa,Namususwa,4,Kiiza,Kiiza,4,Panya,Panya,4,1978-04-04,1978-04-04,5,2,2,1,0
40.35474926984402,0.9999999999992888,facility_df,house_df,1045,446,Balikowa,Balikowa,4,Muntazali,Muntazali,4,Idi,Idi,4,1934-07-18,1934-07-31,3,1,1,1,0
40.36045154736883,0.9999999999992916,facility_df,house_df,1156,2130,Fahadi,Fahadi,4,Madrine,Madrine,4,Awori,Awori,4,2006-04-30,2006-04-30,5,1,1,1,0
40.39336616984156,0.9999999999993076,facility_df,house_df,1674,1330,Kidodo,Kidodo,4,Kiranda,Kiranda,4,Kajubi,Kajubi,4,2019-07-29,2019-07-29,5,1,1,1,0
40.411981848008914,0.9999999999993164,facility_df,house_df,466,2300,Faisi,Faisi,4,Namusubo,Namusubo,4,Ima,Ima,4,1994-02-08,1994-02-08,5,2,2,1,0
40.41364295889759,0.9999999999993172,facility_df,house_df,1484,2712,Bahar,Bahar,4,Kayigwa,Kayigwa,4,Hassan,Hassan,4,1935-08-26,1935-09-15,3,1,1,1,0
40.41364295889759,0.9999999999993172,facility_df,house_df,721,2419,Isifu,Isifu,4,Muwanika,Muwanika,4,Feta,Feta,4,2023-04-27,2023-05-10,3,1,1,1,0
40.41573398287002,0.9999999999993182,facility_df,house_df,238,3132,Nasimu,Nasimu,4,Naula,Naula,4,Kira,Kira,4,1965-06-03,1965-06-03,5,2,2,1,0
40.41573398287002,0.9999999999993182,facility_df,house_df,628,192,Buradina,Buradina,4,Phiona,Phiona,4,Akina,Akina,4,1980-07-08,1980-07-08,5,2,2,1,0
40.42075205763665,0.9999999999993205,facility_df,house_df,834,3281,Kisambira,Kisambira,4,Yosam,Yosam,4,Ebitu,Ebitu,4,1941-10-28,1941-10-28,5,1,1,1,0
40.43084087526023,0.9999999999993253,facility_df,house_df,1562,1303,Fahadi,Fahadi,4,Kalyatuka,Kalyatuka,4,Nakiwala,Nakiwala,4,2012-04-08,2012-04-08,5,1,1,1,0
40.43400815433891,0.9999999999993268,facility_df,house_df,548,1395,Ngobi,Ngobi,4,Mathias,Mathias,4,Nadduli,Nadduli,4,1959-10-27,1959-10-27,5,1,1,1,0
40.4384540593701,0.9999999999993289,facility_df,house_df,2143,2731,Waiswa,Waiswa,4,Alex,Alex,4,Awori,Awori,4,1960-03-21,1960-03-21,5,1,1,1,0
40.48237117590031,0.999999999999349,facility_df,house_df,2779,447,Alex,Alex,4,Ziraba,Ziraba,4,Mugabi,Mugabi,4,2005-03-22,2005-03-22,5,1,1,1,0
40.502179656980495,0.9999999999993578,facility_df,house_df,591,205,Erimia,Erimia,4,Waiswa,Waiswa,4,Kaoma,Kaoma,4,1976-12-28,1976-12-28,5,1,1,1,0
40.5088433872615,0.9999999999993608,facility_df,house_df,1158,2929,Banuli,Banuli,4,Magumba,Magumba,4,Casmir,Casmir,4,1974-04-20,1974-04-20,5,1,1,1,0
40.5088433872615,0.9999999999993608,facility_df,house_df,2118,1711,Shanita,Shanita,4,Nakayima,Nakayima,4,Pama,Pama,4,1998-09-28,1998-09-28,5,2,2,1,0
40.53917384098145,0.9999999999993742,facility_df,house_df,30,1268,Katoko,Katoko,4,Namudu,Namudu,4,Nira,Nira,4,1976-10-08,1976-09-11,3,2,2,1,0
40.53917384098145,0.9999999999993742,facility_df,house_df,300,2389,Kelvin,Kelvin,4,Dan,Dan,4,Kefa,Kefa,4,2012-08-04,2012-08-17,3,1,1,1,0
40.53917384098145,0.9999999999993742,facility_df,house_df,1776,2344,Francis,Francis,4,Kirume,Kirume,4,Erwau,Erwau,4,2006-01-15,2006-01-28,3,1,1,1,0
40.54126486495388,0.999999999999375,facility_df,house_df,1326,2266,Namusobya,Namusobya,4,Getrude,Getrude,4,Ziba,Ziba,4,2007-04-16,2007-04-16,5,2,2,1,0
40.54948537175885,0.9999999999993786,facility_df,house_df,191,1492,Zabina,Zabina,4,Faith,Faith,4,Hama,Hama,4,2025-02-28,2025-02-28,5,2,2,1,0
40.555681637722756,0.9999999999993813,facility_df,house_df,256,556,Kisambira,Kisambira,4,Kisadha,Kisadha,4,Mwesige,Mwesige,4,1998-07-03,1998-07-03,5,1,1,1,0
40.56329117128388,0.9999999999993845,facility_df,house_df,1919,3293,Ndada,Ndada,4,Juma,Juma,4,Gimei,Gimei,4,1964-05-10,1964-05-10,5,1,1,1,0
40.570243931925646,0.9999999999993875,facility_df,house_df,701,2377,Safiruna,Safiruna,4,Namuwaya,Namuwaya,4,Nyala,Nyala,4,1962-03-02,1962-03-02,5,2,2,1,0
40.59130554745347,0.9999999999993964,facility_df,house_df,801,2056,Musa,Musa,4,Balidawa,Balidawa,4,Mayanja,Mayanja,4,1978-02-14,1978-02-14,5,1,1,1,0
40.606288036839985,0.9999999999994026,facility_df,house_df,2035,331,Balaka,Balaka,4,Lubanga,Lubanga,4,Kanusu,Kanusu,4,1950-12-04,1950-11-27,3,1,1,1,0
40.65875545673412,0.9999999999994239,facility_df,house_df,2309,1374,Wakabi,Wakabi,4,Saleh,Saleh,4,Kalungi,Kalungi,4,1933-12-25,1934-01-07,3,1,1,1,0
40.65875545673412,0.9999999999994239,facility_df,house_df,1559,1374,Wakabi,Wakabi,4,Saleh,Saleh,4,Kalungi,Kalungi,4,1933-12-25,1934-01-07,3,1,1,1,0
40.66530612889725,0.9999999999994265,facility_df,house_df,2237,688,Alaisa,Alaisa,4,Kisakye,Kisakye,4,Qira,Qira,4,1962-05-13,1962-05-13,5,2,2,1,0
40.675016253842706,0.9999999999994303,facility_df,house_df,2327,4001,Ratifa,Ratifa,4,Namulondo,Namulondo,4,Amani,Amani,4,1961-07-02,1961-07-02,5,2,2,1,0
40.678768388703816,0.9999999999994318,facility_df,house_df,2754,2819,Kagoya,Kagoya,4,Bageyana,Bageyana,4,Lyra,Lyra,4,2014-09-25,2014-09-25,5,2,2,1,0
40.70837485078914,0.9999999999994433,facility_df,house_df,1727,3264,Fahadi,Fahadi,4,Maido,Maido,4,Nalubwama,Nalubwama,4,1999-01-01,1999-01-01,5,1,1,1,0
40.71320324075649,0.9999999999994452,facility_df,house_df,2633,449,Ngudo,Ngudo,4,Kamudhe,Kamudhe,4,Kanakulya,Kanakulya,4,2024-09-07,2024-08-11,3,1,1,1,0
40.71529426472893,0.999999999999446,facility_df,house_df,2045,1710,Asia,Asia,4,Nakagolo,Nakagolo,4,Abena,Abena,4,1982-04-21,1982-04-21,5,2,2,1,0
40.74016893336796,0.9999999999994555,facility_df,house_df,560,2034,Kaziba,Kaziba,4,Kakuku,Kakuku,4,Mugenzi,Mugenzi,4,1957-04-03,1957-04-03,5,1,1,1,0
40.75276897014759,0.9999999999994602,facility_df,house_df,1384,225,Kaliku,Kaliku,4,Kigenyi,Kigenyi,4,Kyakonye,Kyakonye,4,1978-09-03,1978-09-03,5,1,1,1,0
40.76548002189715,0.999999999999465,facility_df,house_df,2838,538,Naigaga,Naigaga,4,Rahmat,Rahmat,4,Banda,Banda,4,1988-07-07,1988-07-07,5,2,2,1,0
40.7718777930953,0.9999999999994673,facility_df,house_df,2371,1586,Yonasan,Yonasan,4,Mukisa,Mukisa,4,Apolo,Apolo,4,1963-10-13,1963-10-13,5,1,1,1,0
40.7718777930953,0.9999999999994673,facility_df,house_df,2532,3233,Midina,Midina,4,Shamimu,Shamimu,4,Zara,Zara,4,1984-04-01,1984-04-01,5,2,2,1,0
40.7718777930953,0.9999999999994673,facility_df,house_df,1652,2674,Hussein,Hussein,4,Alamanzan,Alamanzan,4,Mwesigye,Mwesigye,4,1950-04-29,1950-04-29,5,1,1,1,0
40.778304062254726,0.9999999999994698,facility_df,house_df,800,989,Faizo,Faizo,4,Muzafaru,Muzafaru,4,Kalyango,Kalyango,4,1953-03-10,1953-03-10,5,1,1,1,0
40.80102413875481,0.999999999999478,facility_df,house_df,1538,29,Anisha,Anisha,4,Mirisa,Mirisa,4,Vama,Vama,4,1991-09-13,1991-09-13,5,2,2,1,0
40.80429927078767,0.9999999999994792,facility_df,house_df,2512,112,Fred,Fred,4,Brian,Brian,4,Kirungi,Kirungi,4,1960-04-11,1960-04-11,5,1,1,1,0
40.80840366912041,0.9999999999994806,facility_df,house_df,1457,846,Namususwa,Namususwa,4,Zidha,Zidha,4,Gama,Gama,4,2008-10-21,2008-10-21,5,2,2,1,0
40.83077148214886,0.9999999999994886,facility_df,house_df,73,2627,Mukama,Mukama,4,Alamazani,Alamazani,4,Munyagwa,Munyagwa,4,1963-06-02,1963-06-02,5,1,1,1,0
40.83077148214886,0.9999999999994886,facility_df,house_df,1564,86,Mugoya,Mugoya,4,Bashiri,Bashiri,4,Male,Male,4,1982-08-05,1982-08-05,5,1,1,1,0
40.868839522982384,0.999999999999502,facility_df,house_df,1418,3355,Mary,Mary,4,Nantambi,Nantambi,4,Azara,Azara,4,1988-06-09,1988-06-09,5,2,2,1,0
40.87141346664621,0.9999999999995028,facility_df,house_df,2440,3837,Christine,Christine,4,Kwagala,Kwagala,4,Wama,Wama,4,1994-12-10,1994-12-10,5,2,2,1,0
40.89217202681301,0.99999999999951,facility_df,house_df,839,476,Swabula,Swabula,4,Namuwaya,Namuwaya,4,Achara,Achara,4,2013-01-05,2013-01-05,5,2,2,1,0
40.89740867517916,0.9999999999995117,facility_df,house_df,1990,1446,Tenywa,Tenywa,4,Ausi,Ausi,4,Mwesigwa,Mwesigwa,4,1942-01-08,1942-01-08,5,1,1,1,0
40.90793934267133,0.9999999999995153,facility_df,house_df,2204,1602,Namususwa,Namususwa,4,Irene,Irene,4,Lira,Lira,4,1938-01-02,1938-01-02,5,2,2,1,0
40.913233642340835,0.999999999999517,facility_df,house_df,1927,869,Precious,Precious,4,Nakiranda,Nakiranda,4,Oma,Oma,4,1970-01-31,1970-01-31,5,2,2,1,0
40.923880886540346,0.9999999999995206,facility_df,house_df,2526,582,Kasirye,Kasirye,4,Nakato,Nakato,4,Gani,Gani,4,1943-09-02,1943-09-02,5,2,2,1,0
40.923880886540346,0.9999999999995206,facility_df,house_df,1116,1002,Gerald,Gerald,4,Waigangala,Waigangala,4,Lubega,Lubega,4,1948-06-08,1948-06-08,5,1,1,1,0
40.94180279453761,0.9999999999995265,facility_df,house_df,755,2240,Muhamed,Muhamed,4,Iwumbwe,Iwumbwe,4,Lukwago,Lukwago,4,1977-12-02,1977-12-02,5,1,1,1,0
40.94541404808999,0.9999999999995277,facility_df,house_df,2717,1171,Anisha,Anisha,4,Nakimuli,Nakimuli,4,Malaika,Malaika,4,1981-01-17,1981-01-17,5,2,2,1,0
40.95084793414062,0.9999999999995295,facility_df,house_df,2664,2135,Ayuubu,Ayuubu,4,Adam,Adam,4,Nalubega,Nalubega,4,2014-08-01,2014-08-01,5,1,1,1,0
40.978328670562725,0.9999999999995384,facility_df,house_df,2637,499,Jamira,Jamira,4,Nahiya,Nahiya,4,Kiara,Kiara,4,2012-12-13,2012-12-13,5,2,2,1,0
40.99694434873007,0.9999999999995443,facility_df,house_df,2850,194,Mulawa,Mulawa,4,Sadati,Sadati,4,Najjemba,Najjemba,4,1980-02-21,1980-02-21,5,1,1,1,0
40.99694434873007,0.9999999999995443,facility_df,house_df,1252,1246,Ntono,Ntono,4,Kamega,Kamega,4,Jara,Jara,4,1978-06-23,1978-06-23,5,2,2,1,0
40.998605459618744,0.9999999999995448,facility_df,house_df,1938,1326,Paul,Paul,4,Mulamba,Mulamba,4,Nagujja,Nagujja,4,2007-11-16,2007-12-06,3,1,1,1,0
41.00069648359118,0.9999999999995455,facility_df,house_df,2282,2069,Mwamadi,Mwamadi,4,Bakarikwiira,Bakarikwiira,4,Lukwago,Lukwago,4,1951-06-16,1951-06-16,5,1,1,1,0
41.014854546587834,0.9999999999995499,facility_df,house_df,2811,683,Twaha,Twaha,4,Namusobya,Namusobya,4,Rima,Rima,4,1932-12-21,1932-12-21,5,2,2,1,0
41.015803375981385,0.9999999999995502,facility_df,house_df,2179,1844,Aisha,Aisha,4,Walusansa,Walusansa,4,Danda,Danda,4,2028-09-08,2028-09-08,5,2,2,1,0
41.015803375981385,0.9999999999995502,facility_df,house_df,933,2477,George,George,4,Mukama,Mukama,4,Kyeyune,Kyeyune,4,2003-02-05,2003-02-05,5,1,1,1,0
41.03491219892909,0.9999999999995561,facility_df,house_df,612,1154,Kulabako,Kulabako,4,Kaudha,Kaudha,4,Gama,Gama,4,1947-05-03,1947-05-03,5,2,2,1,0
41.03491219892909,0.9999999999995561,facility_df,house_df,2410,3058,Federesi,Federesi,4,Lydia,Lydia,4,Sela,Sela,4,1988-07-24,1988-07-24,5,2,2,1,0
41.070944930173845,0.9999999999995671,facility_df,house_df,885,1210,Badru,Badru,4,Munilu,Munilu,4,Kyeyune,Kyeyune,4,1947-07-19,1947-07-19,5,1,1,1,0
41.077864344113635,0.9999999999995691,facility_df,house_df,1042,82,Ndada,Ndada,4,Kyeyago,Kyeyago,4,Mande,Mande,4,2004-06-08,2004-06-08,5,1,1,1,0
41.09171486401022,0.9999999999995732,facility_df,house_df,1236,2728,Katonda,Katonda,4,Kabale,Kabale,4,Kulumba,Kulumba,4,1942-09-04,1942-08-15,3,1,1,1,0
41.09380588798266,0.9999999999995739,facility_df,house_df,1171,223,Swabiru,Swabiru,4,Aluvin,Aluvin,4,Najjuma,Najjuma,4,2013-02-03,2013-02-03,5,1,1,1,0
41.09380588798266,0.9999999999995739,facility_df,house_df,790,3667,Pius,Pius,4,Mukama,Mukama,4,Mukitale,Mukitale,4,1959-06-12,1959-06-12,5,1,1,1,0
41.10385955264658,0.9999999999995769,facility_df,house_df,1664,1925,Kimumwe,Kimumwe,4,Mwase,Mwase,4,Bukenya,Bukenya,4,1998-08-28,1998-08-28,5,1,1,1,0
41.10891278037287,0.9999999999995783,facility_df,house_df,557,2886,Fahadi,Fahadi,4,Sentongo,Sentongo,4,Lwanga,Lwanga,4,2020-09-12,2020-09-12,5,1,1,1,0
41.13444787248,0.9999999999995857,facility_df,house_df,1585,291,Shakulu,Shakulu,4,Musa,Musa,4,Mugabi,Mugabi,4,1969-10-09,1969-10-09,5,1,1,1,0
41.13444787248,0.9999999999995857,facility_df,house_df,476,3330,Shamina,Shamina,4,Nakasolo,Nakasolo,4,Jola,Jola,4,2009-01-19,2009-01-19,5,2,2,1,0
41.14894744217512,0.9999999999995899,facility_df,house_df,1357,823,Edith,Edith,4,Azizza,Azizza,4,Ora,Ora,4,1988-07-06,1988-07-06,5,2,2,1,0
41.16359421813952,0.999999999999594,facility_df,house_df,1572,2139,Babra,Babra,4,Shakira,Shakira,4,Anaya,Anaya,4,1959-12-29,1959-12-29,5,2,2,1,0
41.18691529237414,0.9999999999996005,facility_df,house_df,92,3514,Basalirwa,Basalirwa,4,Waigangala,Waigangala,4,Jose,Jose,4,2011-12-20,2011-12-20,5,1,1,1,0
41.19334156153357,0.9999999999996023,facility_df,house_df,1224,49,Isa,Isa,4,Mukose,Mukose,4,Anko,Anko,4,1995-07-13,1995-07-13,5,1,1,1,0
41.19334156153357,0.9999999999996023,facility_df,house_df,1264,991,Faizo,Faizo,4,Bagaaga,Bagaaga,4,Jogo,Jogo,4,1952-11-23,1952-11-23,5,1,1,1,0
41.19334156153357,0.9999999999996023,facility_df,house_df,1133,2458,Magemeso,Magemeso,4,Muwaya,Muwaya,4,Feta,Feta,4,2012-04-19,2012-04-19,5,1,1,1,0
41.20844845392378,0.9999999999996064,facility_df,house_df,401,4009,Derrick,Derrick,4,Juma,Juma,4,Kyakonye,Kyakonye,4,1983-02-04,1983-02-04,5,1,1,1,0
41.21606163803366,0.9999999999996085,facility_df,house_df,501,3594,Babra,Babra,4,Nakiyemba,Nakiyemba,4,Tara,Tara,4,1989-06-05,1989-06-05,5,2,2,1,0
41.24580898142771,0.9999999999996165,facility_df,house_df,1062,2784,Sumini,Sumini,4,Mulasi,Mulasi,4,Tara,Tara,4,1949-04-27,1949-04-27,5,2,2,1,0
41.24580898142771,0.9999999999996165,facility_df,house_df,373,3464,Abubakali,Abubakali,4,Luwazo,Luwazo,4,Katabazi,Katabazi,4,1993-10-27,1993-10-27,5,1,1,1,0
41.26373088942497,0.9999999999996212,facility_df,house_df,2095,964,Rawaha,Rawaha,4,Kigenyi,Kigenyi,4,Masolo,Masolo,4,2015-02-10,2015-02-10,5,1,1,1,0
41.27050942205603,0.999999999999623,facility_df,house_df,655,3015,Rajabu,Rajabu,4,Rayan,Rayan,4,Kakooza,Kakooza,4,1958-09-02,1958-09-02,5,1,1,1,0
41.286450965925056,0.9999999999996272,facility_df,house_df,274,2962,Naume,Naume,4,Shadia,Shadia,4,Jola,Jola,4,1936-03-16,1936-03-16,5,2,2,1,0
41.286450965925056,0.9999999999996272,facility_df,house_df,1828,3354,Badiru,Badiru,4,Mwase,Mwase,4,Isanga,Isanga,4,1988-02-16,1988-02-16,5,1,1,1,0
41.315363657840294,0.9999999999996345,facility_df,house_df,764,8,Hassan,Hassan,4,Kapisi,Kapisi,4,Ganyana,Ganyana,4,1981-03-25,1981-03-25,5,1,1,1,0
41.31887244361743,0.9999999999996354,facility_df,house_df,1595,1472,Salama,Salama,4,Nampina,Nampina,4,Bintu,Bintu,4,1975-12-08,1975-12-08,5,2,2,1,0
41.31887244361743,0.9999999999996354,facility_df,house_df,1854,1886,Ibra,Ibra,4,Shafique,Shafique,4,Gidudu,Gidudu,4,1965-07-04,1965-07-04,5,1,1,1,0
41.31887244361743,0.9999999999996354,facility_df,house_df,695,3718,Lukiya,Lukiya,4,Peace,Peace,4,Uma,Uma,4,1952-09-09,1952-09-09,5,2,2,1,0
41.31887244361743,0.9999999999996354,facility_df,house_df,1082,4018,Maido,Maido,4,Akiramu,Akiramu,4,Mwesigwa,Mwesigwa,4,2025-01-28,2025-01-28,5,1,1,1,0
41.31887244361743,0.9999999999996354,facility_df,house_df,1052,3794,Mariam,Mariam,4,Namakiika,Namakiika,4,Tasha,Tasha,4,1931-05-12,1931-05-12,5,2,2,1,0
41.32827114161968,0.9999999999996378,facility_df,house_df,1709,1919,Naikoba,Naikoba,4,Patience,Patience,4,Kama,Kama,4,1934-08-11,1934-08-11,5,2,2,1,0
41.32827114161968,0.9999999999996378,facility_df,house_df,1314,1654,Hawa,Hawa,4,Byogero,Byogero,4,Qima,Qima,4,2003-03-31,2003-03-31,5,2,2,1,0
41.33891838581919,0.9999999999996405,facility_df,house_df,1510,1812,Sowobi,Sowobi,4,Akisamu,Akisamu,4,Kazi,Kazi,4,2017-03-25,2017-03-25,5,1,1,1,0
41.356840293816454,0.999999999999645,facility_df,house_df,739,3548,Isaac,Isaac,4,Ndada,Ndada,4,Kabugo,Kabugo,4,1940-10-15,1940-10-15,5,1,1,1,0
41.356840293816454,0.999999999999645,facility_df,house_df,1027,3344,Bushira,Bushira,4,Kitawulwa,Kitawulwa,4,Xira,Xira,4,1952-06-10,1952-06-10,5,2,2,1,0
41.356840293816454,0.999999999999645,facility_df,house_df,535,35,Zabina,Zabina,4,Nakayuza,Nakayuza,4,Halima,Halima,4,1980-11-23,1980-11-23,5,2,2,1,0
41.36045154736883,0.9999999999996458,facility_df,house_df,393,2893,Ayubu,Ayubu,4,Jesse,Jesse,4,Kobusheshe,Kobusheshe,4,2017-02-01,2017-02-01,5,1,1,1,0
41.371339863511565,0.9999999999996485,facility_df,house_df,1394,4104,Namwigalo,Namwigalo,4,Sumaya,Sumaya,4,Ianda,Ianda,4,1974-02-05,1974-02-05,5,2,2,1,0
41.376205618683386,0.9999999999996496,facility_df,house_df,1086,3682,Florence,Florence,4,Zabina,Zabina,4,Yama,Yama,4,2010-06-09,2010-06-09,5,2,2,1,0
41.385986639475966,0.9999999999996521,facility_df,house_df,1032,251,Namugere,Namugere,4,Nakimbugwe,Nakimbugwe,4,Chuma,Chuma,4,1983-02-08,1983-02-08,5,2,2,1,0
41.39336616984156,0.9999999999996538,facility_df,house_df,2552,3912,Nuuludini,Nuuludini,4,Idinda,Idinda,4,Gamanya,Gamanya,4,1983-07-19,1983-07-19,5,1,1,1,0
41.411981848008914,0.9999999999996582,facility_df,house_df,2307,4038,Rehema,Rehema,4,Jamawa,Jamawa,4,Chanya,Chanya,4,1944-09-22,1944-09-22,5,2,2,1,0
41.41573398287002,0.999999999999659,facility_df,house_df,1640,3407,Sadat,Sadat,4,Muwaya,Muwaya,4,Jajja,Jajja,4,2021-09-29,2021-09-29,5,1,1,1,0
41.41573398287002,0.999999999999659,facility_df,house_df,657,3311,Byogero,Byogero,4,Birungi,Birungi,4,Bria,Bria,4,2011-11-22,2011-11-22,5,2,2,1,0
41.43084087526023,0.9999999999996626,facility_df,house_df,2155,4051,Tape,Tape,4,Shamira,Shamira,4,Rila,Rila,4,1934-02-27,1934-02-27,5,2,2,1,0
41.4384540593701,0.9999999999996644,facility_df,house_df,2724,369,Mutwalibi,Mutwalibi,4,Luwazo,Luwazo,4,Echodu,Echodu,4,1963-07-24,1963-07-24,5,1,1,1,0
41.456375967367364,0.9999999999996686,facility_df,house_df,2871,177,Naiwumbwe,Naiwumbwe,4,Nakitandwe,Nakitandwe,4,Kira,Kira,4,1960-11-24,1960-11-24,5,2,2,1,0
41.456375967367364,0.9999999999996686,facility_df,house_df,674,4075,Kaziba,Kaziba,4,Samanya,Samanya,4,Hamuza,Hamuza,4,1979-02-04,1979-02-04,5,1,1,1,0
41.46931502307486,0.9999999999996715,facility_df,house_df,2089,2743,Shifa,Shifa,4,Fatuma,Fatuma,4,Quila,Quila,4,1962-10-25,1962-10-25,5,2,2,1,0
41.48237117590031,0.9999999999996745,facility_df,house_df,1395,1364,Mathias,Mathias,4,Mwesigwa,Mwesigwa,4,Mukasa,Mukasa,4,1999-06-01,1999-06-01,5,1,1,1,0
41.498196143061996,0.999999999999678,facility_df,house_df,1951,2993,Nasifu,Nasifu,4,Namukuve,Namukuve,4,Lukwago,Lukwago,4,1975-12-13,1975-12-13,5,1,1,1,0
41.5088433872615,0.9999999999996804,facility_df,house_df,838,755,Abdusalamu,Abdusalamu,4,Lwabaga,Lwabaga,4,Lubega,Lubega,4,1959-01-24,1959-01-24,5,1,1,1,0
41.5088433872615,0.9999999999996804,facility_df,house_df,2383,1412,Aminsi,Aminsi,4,Rahim,Rahim,4,Mukitale,Mukitale,4,1996-02-18,1996-02-18,5,1,1,1,0
41.5088433872615,0.9999999999996804,facility_df,house_df,1900,4022,Namuwanga,Namuwanga,4,Namatende,Namatende,4,Cima,Cima,4,1965-08-22,1965-08-22,5,2,2,1,0
41.5088433872615,0.9999999999996804,facility_df,house_df,1871,2345,Nabakoza,Nabakoza,4,Nakidodo,Nakidodo,4,Bria,Bria,4,1986-11-08,1986-11-08,5,2,2,1,0
41.5088433872615,0.9999999999996804,facility_df,house_df,31,2252,Aminsi,Aminsi,4,Ibra,Ibra,4,Jose,Jose,4,2000-12-22,2000-12-22,5,1,1,1,0
41.5088433872615,0.9999999999996804,facility_df,house_df,1974,4000,Simon,Simon,4,Menya,Menya,4,Najjuma,Najjuma,4,1989-11-08,1989-11-08,5,1,1,1,0
41.54126486495388,0.9999999999996875,facility_df,house_df,133,1293,Musitafa,Musitafa,4,Maido,Maido,4,Kiiza,Kiiza,4,1940-03-01,1940-03-01,5,1,1,1,0
41.54126486495388,0.9999999999996875,facility_df,house_df,1024,359,Namusobya,Namusobya,4,Sudaisi,Sudaisi,4,Esibwe,Esibwe,4,1989-06-12,1989-06-12,5,1,1,1,0
41.54948537175885,0.9999999999996892,facility_df,house_df,2085,968,Namusubo,Namusubo,4,Namulondo,Namulondo,4,Boma,Boma,4,1971-07-26,1971-07-26,5,2,2,1,0
41.59130554745347,0.9999999999996981,facility_df,house_df,912,3847,Ziwena,Ziwena,4,Nakayima,Nakayima,4,Ema,Ema,4,1991-09-28,1991-09-28,5,2,2,1,0
41.59130554745347,0.9999999999996981,facility_df,house_df,913,1518,Zeulence,Zeulence,4,Jenipher,Jenipher,4,Ema,Ema,4,2020-01-05,2020-01-05,5,2,2,1,0
41.60266540961803,0.9999999999997006,facility_df,house_df,226,409,Edirisa,Edirisa,4,Mubaale,Mubaale,4,Masinde,Masinde,4,1945-02-27,1945-02-27,5,1,1,1,0
41.606288036839985,0.9999999999997012,facility_df,house_df,808,1468,Mugwana,Mugwana,4,Kasim,Kasim,4,Kaliisa,Kaliisa,4,2018-10-31,2018-10-24,3,1,1,1,0
41.60837906081242,0.9999999999997017,facility_df,house_df,946,4006,Kagoya,Kagoya,4,Olivia,Olivia,4,Janda,Janda,4,2022-03-12,2022-03-12,5,2,2,1,0
41.619874699650246,0.9999999999997041,facility_df,house_df,2822,183,Muwaya,Muwaya,4,Nelson,Nelson,4,Kapere,Kapere,4,1964-12-05,1964-12-05,5,1,1,1,0
41.63437426934536,0.999999999999707,facility_df,house_df,37,2493,Isiko,Isiko,4,Akisamu,Akisamu,4,Mwesigwa,Mwesigwa,4,2018-07-30,2018-07-30,5,1,1,1,0
41.63437426934536,0.999999999999707,facility_df,house_df,1874,1163,Shafiki,Shafiki,4,Menya,Menya,4,Kefa,Kefa,4,2015-09-01,2015-09-01,5,1,1,1,0
41.65640057567536,0.9999999999997115,facility_df,house_df,2065,3994,Ndada,Ndada,4,Abdulukani,Abdulukani,4,Mukwaya,Mukwaya,4,1945-08-19,1945-08-19,5,1,1,1,0
41.678768388703816,0.9999999999997159,facility_df,house_df,2434,1231,Faizo,Faizo,4,Buyinza,Buyinza,4,Kabugo,Kabugo,4,1956-06-22,1956-06-22,5,1,1,1,0
41.678768388703816,0.9999999999997159,facility_df,house_df,1487,3608,Franco,Franco,4,Kaziba,Kaziba,4,Idi,Idi,4,1956-08-17,1956-08-17,5,1,1,1,0
41.678768388703816,0.9999999999997159,facility_df,house_df,1436,2626,Faizo,Faizo,4,Rabika,Rabika,4,Kyota,Kyota,4,1989-07-31,1989-07-31,5,1,1,1,0
41.69084122100439,0.9999999999997183,facility_df,house_df,364,1037,Josephine,Josephine,4,Bweguyibwa,Bweguyibwa,4,Pira,Pira,4,1940-04-21,1940-04-21,5,2,2,1,0
41.733909942896275,0.9999999999997266,facility_df,house_df,836,3309,Maido,Maido,4,Namutamba,Namutamba,4,Kikomeko,Kikomeko,4,1945-10-24,1945-10-24,5,1,1,1,0
41.755936249226274,0.9999999999997308,facility_df,house_df,737,629,Muzamiru,Muzamiru,4,Revis,Revis,4,Kakooza,Kakooza,4,1953-12-17,1953-12-17,5,1,1,1,0
41.7718777930953,0.9999999999997337,facility_df,house_df,2290,2066,Bakali,Bakali,4,Mukose,Mukose,4,Bwambale,Bwambale,4,2013-09-21,2013-09-21,5,1,1,1,0
41.7718777930953,0.9999999999997337,facility_df,house_df,2697,1375,Ali,Ali,4,Jayson,Jayson,4,Mahoro,Mahoro,4,2005-09-05,2005-09-05,5,1,1,1,0
41.80102413875481,0.999999999999739,facility_df,house_df,988,3814,Nakasolo,Nakasolo,4,Nakiyemba,Nakiyemba,4,Anaya,Anaya,4,2018-05-18,2018-05-18,5,2,2,1,0
41.80429927078767,0.9999999999997395,facility_df,house_df,2594,573,Nandase,Nandase,4,Nalubega,Nalubega,4,Farida,Farida,4,1948-04-25,1948-04-25,5,2,2,1,0
41.80429927078767,0.9999999999997395,facility_df,house_df,2324,119,Mathias,Mathias,4,Taitankoko,Taitankoko,4,Kamuhanda,Kamuhanda,4,1931-07-23,1931-07-23,5,1,1,1,0
41.82868045817643,0.999999999999744,facility_df,house_df,2554,2842,Kafuko,Kafuko,4,Tibitondwa,Tibitondwa,4,Nia,Nia,4,1965-01-25,1965-02-07,3,2,2,1,0
41.87829985223145,0.9999999999997526,facility_df,house_df,1304,3509,Namatende,Namatende,4,Asia,Asia,4,Jara,Jara,4,2028-10-11,2028-10-11,5,2,2,1,0
41.89217202681301,0.999999999999755,facility_df,house_df,26,2845,Sauya,Sauya,4,Doreen,Doreen,4,Gani,Gani,4,1945-01-22,1945-01-22,5,2,2,1,0
41.89740867517916,0.9999999999997559,facility_df,house_df,2469,1041,Hussein,Hussein,4,Issa,Issa,4,Kiprotich,Kiprotich,4,1973-11-28,1973-11-28,5,1,1,1,0
41.923880886540346,0.9999999999997603,facility_df,house_df,489,1153,Katerine,Katerine,4,Swabula,Swabula,4,Jina,Jina,4,1967-04-14,1967-04-14,5,2,2,1,0
41.923880886540346,0.9999999999997603,facility_df,house_df,1752,3432,Abo,Abo,4,Phiona,Phiona,4,Gama,Gama,4,2013-01-12,2013-01-12,5,2,2,1,0
41.923880886540346,0.9999999999997603,facility_df,house_df,1887,3199,John,John,4,Tulina,Tulina,4,Mukulu,Mukulu,4,1982-05-19,1982-05-19,5,1,1,1,0
41.94180279453761,0.9999999999997633,facility_df,house_df,2663,1989,Alex,Alex,4,Idinda,Idinda,4,Mwijukye,Mwijukye,4,1967-10-21,1967-10-21,5,1,1,1,0
41.94180279453761,0.9999999999997633,facility_df,house_df,862,312,Muzamiru,Muzamiru,4,Issa,Issa,4,Kiiza,Kiiza,4,2023-05-24,2023-05-24,5,1,1,1,0
41.94180279453761,0.9999999999997633,facility_df,house_df,432,4066,Nandase,Nandase,4,Biryeri,Biryeri,4,Chika,Chika,4,1971-07-08,1971-07-08,5,2,2,1,0
41.95630236423273,0.9999999999997656,facility_df,house_df,1498,2007,Ronald,Ronald,4,Brian,Brian,4,Mwesigye,Mwesigye,4,1994-11-04,1994-11-04,5,1,1,1,0
41.99694434873007,0.9999999999997722,facility_df,house_df,1663,1427,Nabanda,Nabanda,4,Asina,Asina,4,Lala,Lala,4,1957-12-07,1957-12-07,5,2,2,1,0
41.998605459618744,0.9999999999997724,facility_df,house_df,1505,2719,Kuzaima,Kuzaima,4,Ramathan,Ramathan,4,Gyagenda,Gyagenda,4,2007-03-19,2007-04-01,3,1,1,1,0
42.00069648359118,0.9999999999997727,facility_df,house_df,1646,3444,Lubanga,Lubanga,4,Umar,Umar,4,Lukwago,Lukwago,4,1944-03-24,1944-03-24,5,1,1,1,0
42.00069648359118,0.9999999999997727,facility_df,house_df,194,776,Isabirye,Isabirye,4,Tirulaga,Tirulaga,4,Mukitale,Mukitale,4,2015-10-05,2015-10-05,5,1,1,1,0
42.00634304673232,0.9999999999997736,facility_df,house_df,2054,283,Ali,Ali,4,Hakram,Hakram,4,Igomu,Igomu,4,2013-03-13,2013-03-13,5,1,1,1,0
42.02341656009126,0.9999999999997763,facility_df,house_df,1571,165,Magemeso,Magemeso,4,Magumba,Magumba,4,Mukulu,Mukulu,4,1964-05-05,1964-05-05,5,1,1,1,0
42.03491219892909,0.9999999999997781,facility_df,house_df,1699,2385,Mukisa,Mukisa,4,Lugolole,Lugolole,4,Kabugo,Kabugo,4,2017-10-07,2017-10-07,5,1,1,1,0
42.0387645244247,0.9999999999997786,facility_df,house_df,131,170,Suleya,Suleya,4,Tracy,Tracy,4,Bisa,Bisa,4,1930-12-05,1930-12-05,5,2,2,1,0
42.064058544588605,0.9999999999997825,facility_df,house_df,2749,2134,Sumaya,Sumaya,4,Kyowansa,Kyowansa,4,Anda,Anda,4,1966-11-13,1966-11-13,5,2,2,1,0
42.077864344113635,0.9999999999997846,facility_df,house_df,2357,820,Swabula,Swabula,4,Takuwa,Takuwa,4,Rima,Rima,4,1978-09-14,1978-09-14,5,2,2,1,0
42.09380588798266,0.999999999999787,facility_df,house_df,2427,3807,Nahia,Nahia,4,Nakadama,Nakadama,4,Lama,Lama,4,1997-11-12,1997-11-12,5,2,2,1,0
42.09380588798266,0.999999999999787,facility_df,house_df,2613,1019,Haminsi,Haminsi,4,Kigenyi,Kigenyi,4,Kugonza,Kugonza,4,1948-10-25,1948-10-25,5,1,1,1,0
42.09380588798266,0.999999999999787,facility_df,house_df,1101,842,Joseph,Joseph,4,Mukisa,Mukisa,4,Batte,Batte,4,1939-08-30,1939-08-30,5,1,1,1,0
42.09380588798266,0.999999999999787,facility_df,house_df,402,2860,Faridah,Faridah,4,Lukayiya,Lukayiya,4,Sela,Sela,4,2001-05-15,2001-05-15,5,2,2,1,0
42.09380588798266,0.999999999999787,facility_df,house_df,1813,2936,Godfrey,Godfrey,4,Mukama,Mukama,4,Isanga,Isanga,4,1970-11-09,1970-11-09,5,1,1,1,0
42.13033176400777,0.9999999999997923,facility_df,house_df,2244,3113,Mahadi,Mahadi,4,Tibita,Tibita,4,Emuron,Emuron,4,2011-09-08,2011-09-08,5,1,1,1,0
42.14894744217512,0.9999999999997949,facility_df,house_df,540,804,Mathias,Mathias,4,Mulondo,Mulondo,4,Barasa,Barasa,4,2012-08-02,2012-08-02,5,1,1,1,0
42.16359421813952,0.999999999999797,facility_df,house_df,932,2597,Ibanda,Ibanda,4,Fahadi,Fahadi,4,Echodu,Echodu,4,1964-04-22,1964-04-22,5,1,1,1,0
42.176268048174634,0.9999999999997988,facility_df,house_df,2860,912,Zauma,Zauma,4,Alice,Alice,4,Azara,Azara,4,1975-04-11,1975-04-11,5,2,2,1,0
42.19334156153357,0.9999999999998012,facility_df,house_df,2870,1747,Magumba,Magumba,4,Hussein,Hussein,4,Babirye,Babirye,4,1970-04-24,1970-04-24,5,1,1,1,0
42.19334156153357,0.9999999999998012,facility_df,house_df,1318,138,Masitula,Masitula,4,Hairati,Hairati,4,Hama,Hama,4,1981-04-06,1981-04-06,5,2,2,1,0
42.19334156153357,0.9999999999998012,facility_df,house_df,2362,3179,Zauja,Zauja,4,Wolira,Wolira,4,Abeni,Abeni,4,1968-07-16,1968-07-16,5,2,2,1,0
42.19334156153357,0.9999999999998012,facility_df,house_df,16,3060,Akiramu,Akiramu,4,Kigenyi,Kigenyi,4,Malinga,Malinga,4,2010-08-18,2010-08-18,5,1,1,1,0
42.19334156153357,0.9999999999998012,facility_df,house_df,2321,2387,Mwajuma,Mwajuma,4,Ntono,Ntono,4,Afia,Afia,4,2019-01-10,2019-01-10,5,2,2,1,0
42.19334156153357,0.9999999999998012,facility_df,house_df,1980,3850,Abdu,Abdu,4,Muwunba,Muwunba,4,Mwijukye,Mwijukye,4,1996-04-19,1996-04-19,5,1,1,1,0
42.21933677006652,0.9999999999998047,facility_df,house_df,606,2582,Musasizi,Musasizi,4,Mutaka,Mutaka,4,Madoi,Madoi,4,1998-04-26,1998-04-26,5,1,1,1,0
42.24136307639652,0.9999999999998077,facility_df,house_df,1641,2096,Janati,Janati,4,Walusansa,Walusansa,4,Kala,Kala,4,1977-03-01,1977-03-01,5,2,2,1,0
42.24580898142771,0.9999999999998083,facility_df,house_df,2093,9,Zubairi,Zubairi,4,Adam,Adam,4,Lubega,Lubega,4,1931-10-01,1931-10-01,5,1,1,1,0
42.24580898142771,0.9999999999998083,facility_df,house_df,1238,465,Rebecca,Rebecca,4,Mujoga,Mujoga,4,Chuma,Chuma,4,1985-05-12,1985-05-12,5,2,2,1,0
42.24580898142771,0.9999999999998083,facility_df,house_df,1152,844,Shanita,Shanita,4,Namuyangu,Namuyangu,4,Vama,Vama,4,2027-09-04,2027-09-04,5,2,2,1,0
42.25250363400172,0.9999999999998092,facility_df,house_df,1375,3900,Nakagolo,Nakagolo,4,Sofi,Sofi,4,Zima,Zima,4,1959-05-27,1959-05-27,5,2,2,1,0
42.26373088942497,0.9999999999998106,facility_df,house_df,2640,1961,Muksasa,Muksasa,4,Lwabaga,Lwabaga,4,Kyangwa,Kyangwa,4,1972-08-21,1972-08-21,5,1,1,1,0
42.286450965925056,0.9999999999998136,facility_df,house_df,2431,625,Ben,Ben,4,Kalangabisa,Kalangabisa,4,Najjemba,Najjemba,4,1930-12-26,1930-12-26,5,1,1,1,0
42.286450965925056,0.9999999999998136,facility_df,house_df,815,1773,Siragi,Siragi,4,Balilaine,Balilaine,4,Afa,Afa,4,1930-08-23,1930-08-23,5,1,1,1,0
42.286450965925056,0.9999999999998136,facility_df,house_df,1506,44,Shirati,Shirati,4,Namukasa,Namukasa,4,Panda,Panda,4,2019-11-10,2019-11-10,5,2,2,1,0
42.286450965925056,0.9999999999998136,facility_df,house_df,1459,2501,Magoola,Magoola,4,Christopher,Christopher,4,Isanga,Isanga,4,1998-07-12,1998-07-12,5,1,1,1,0
42.286450965925056,0.9999999999998136,facility_df,house_df,658,810,Nakazibwe,Nakazibwe,4,Ntiire,Ntiire,4,Ora,Ora,4,1931-07-12,1931-07-12,5,2,2,1,0
42.286450965925056,0.9999999999998136,facility_df,house_df,1577,3009,Saban,Saban,4,Mulani,Mulani,4,Balaba,Balaba,4,1930-12-30,1930-12-30,5,1,1,1,0
42.293337351510296,0.9999999999998145,facility_df,house_df,1255,2219,Rwabaga,Rwabaga,4,Kibitawaigulu,Kibitawaigulu,4,Kizito,Kizito,4,2018-11-11,2018-11-11,5,1,1,1,0
42.30025676545009,0.9999999999998154,facility_df,house_df,1738,1439,Lukowe,Lukowe,4,Lazia,Lazia,4,Sira,Sira,4,1996-07-09,1996-07-09,5,2,2,1,0
42.31887244361743,0.9999999999998177,facility_df,house_df,2057,3033,Mulawa,Mulawa,4,Ivan,Ivan,4,Dhizaala,Dhizaala,4,1985-03-03,1985-03-03,5,1,1,1,0
42.31887244361743,0.9999999999998177,facility_df,house_df,1678,1341,Mwaiduma,Mwaiduma,4,Naibira,Naibira,4,Abeni,Abeni,4,2007-06-15,2007-06-15,5,2,2,1,0
42.32827114161968,0.9999999999998189,facility_df,house_df,769,1820,Haulati,Haulati,4,Zauma,Zauma,4,Ema,Ema,4,1970-09-14,1970-09-14,5,2,2,1,0
42.356840293816454,0.9999999999998225,facility_df,house_df,2225,1831,Jimmy,Jimmy,4,Crispus,Crispus,4,Mugasha,Mugasha,4,2000-06-07,2000-06-07,5,1,1,1,0
42.356840293816454,0.9999999999998225,facility_df,house_df,1627,1707,Isaac,Isaac,4,Jafali,Jafali,4,Jose,Jose,4,1954-09-04,1954-09-04,5,1,1,1,0
42.356840293816454,0.9999999999998225,facility_df,house_df,1458,3650,Banuli,Banuli,4,Matuba,Matuba,4,Muhairwe,Muhairwe,4,1995-11-08,1995-11-08,5,1,1,1,0
42.356840293816454,0.9999999999998225,facility_df,house_df,414,591,Yonasan,Yonasan,4,Bugembe,Bugembe,4,Lwanga,Lwanga,4,1999-10-26,1999-10-26,5,1,1,1,0
42.371339863511565,0.9999999999998243,facility_df,house_df,897,3398,Kimumwe,Kimumwe,4,Dauson,Dauson,4,Kusiima,Kusiima,4,2012-06-03,2012-06-03,5,1,1,1,0
42.39336616984156,0.9999999999998269,facility_df,house_df,2169,551,Kuseini,Kuseini,4,Bwana,Bwana,4,Balaba,Balaba,4,2005-07-14,2005-07-14,5,1,1,1,0
42.39336616984156,0.9999999999998269,facility_df,house_df,634,329,Margret,Margret,4,Nansamba,Nansamba,4,Kirabo,Kirabo,4,1930-03-07,1930-03-07,5,2,2,1,0
42.41073330181165,0.9999999999998289,facility_df,house_df,1196,3277,Asiiya,Asiiya,4,Kyakuwaire,Kyakuwaire,4,Gia,Gia,4,1993-12-05,1993-12-05,5,2,2,1,0
42.41573398287002,0.9999999999998296,facility_df,house_df,684,1517,Sadara,Sadara,4,Mukyaye,Mukyaye,4,Mukembo,Mukembo,4,1966-06-06,1966-06-06,5,1,1,1,0
42.41573398287002,0.9999999999998296,facility_df,house_df,696,1380,Steven,Steven,4,Ndada,Ndada,4,Jjuko,Jjuko,4,1978-12-02,1978-12-02,5,1,1,1,0
42.41573398287002,0.9999999999998296,facility_df,house_df,198,73,Sowali,Sowali,4,Ewawala,Ewawala,4,Hassan,Hassan,4,1960-12-05,1960-12-05,5,1,1,1,0
42.41573398287002,0.9999999999998296,facility_df,house_df,1477,19,Fred,Fred,4,Bwamiki,Bwamiki,4,Jajja,Jajja,4,2011-08-29,2011-08-29,5,1,1,1,0
42.456375967367364,0.9999999999998342,facility_df,house_df,2442,3331,Sadara,Sadara,4,Kyeyago,Kyeyago,4,Masolo,Masolo,4,1951-01-14,1951-01-14,5,1,1,1,0
42.456375967367364,0.9999999999998342,facility_df,house_df,1631,2679,Sanon,Sanon,4,Mukupya,Mukupya,4,Kagimu,Kagimu,4,2002-09-16,2002-09-16,5,1,1,1,0
42.48237117590031,0.9999999999998372,facility_df,house_df,2267,155,Zaituna,Zaituna,4,Kasenene,Kasenene,4,Vida,Vida,4,1979-02-28,1979-02-28,5,2,2,1,0
42.498196143061996,0.999999999999839,facility_df,house_df,362,3006,Taitankoko,Taitankoko,4,Kisakye,Kisakye,4,Gimei,Gimei,4,1990-08-22,1990-08-22,5,1,1,1,0
42.5088433872615,0.9999999999998402,facility_df,house_df,1862,3409,Katerine,Katerine,4,Mpudha,Mpudha,4,Fanda,Fanda,4,1996-04-23,1996-04-23,5,2,2,1,0
42.5088433872615,0.9999999999998402,facility_df,house_df,1962,4036,Kidodo,Kidodo,4,Luwemba,Luwemba,4,Mahoro,Mahoro,4,2022-07-29,2022-07-29,5,1,1,1,0
42.511517521559824,0.9999999999998405,facility_df,house_df,2416,747,Faishali,Faishali,4,Byakika,Byakika,4,Erwau,Erwau,4,1931-06-13,1931-06-13,5,1,1,1,0
42.59130554745347,0.9999999999998491,facility_df,house_df,2040,2175,Jackline,Jackline,4,Bageyana,Bageyana,4,Gia,Gia,4,2008-11-13,2008-11-13,5,2,2,1,0
42.60837906081242,0.9999999999998509,facility_df,house_df,480,1877,Kasirye,Kasirye,4,Balilaine,Balilaine,4,Feta,Feta,4,1965-04-22,1965-04-22,5,1,1,1,0
42.60837906081242,0.9999999999998509,facility_df,house_df,458,3844,Nkwanga,Nkwanga,4,Fahadi,Fahadi,4,Kirabira,Kirabira,4,2018-05-01,2018-05-01,5,1,1,1,0
42.60837906081242,0.9999999999998509,facility_df,house_df,2477,2786,Muwaiswa,Muwaiswa,4,Mwandha,Mwandha,4,Gidudu,Gidudu,4,1997-04-20,1997-04-20,5,1,1,1,0
42.60837906081242,0.9999999999998509,facility_df,house_df,599,3074,Mutamba,Mutamba,4,Ngobi,Ngobi,4,Hamuza,Hamuza,4,1930-12-16,1930-12-16,5,1,1,1,0
42.619874699650246,0.999999999999852,facility_df,house_df,2376,2119,Hajira,Hajira,4,Nambogwe,Nambogwe,4,Elara,Elara,4,1962-09-01,1962-09-01,5,2,2,1,0
42.619874699650246,0.999999999999852,facility_df,house_df,1246,3156,Humairi,Humairi,4,Kirunda,Kirunda,4,Kyosiima,Kyosiima,4,2007-03-02,2007-03-02,5,1,1,1,0
42.63437426934536,0.9999999999998536,facility_df,house_df,2411,434,Kimumwe,Kimumwe,4,Kabugo,Kabugo,4,Kajubi,Kajubi,4,1946-12-23,1946-12-23,5,1,1,1,0
42.63437426934536,0.9999999999998536,facility_df,house_df,425,1548,Byansi,Byansi,4,Brian,Brian,4,Kyewalabye,Kyewalabye,4,2020-02-08,2020-02-08,5,1,1,1,0
42.66084648070655,0.9999999999998562,facility_df,house_df,2332,2480,Bayati,Bayati,4,Lukaiya,Lukaiya,4,Panda,Panda,4,1938-11-02,1938-11-02,5,2,2,1,0
42.678768388703816,0.999999999999858,facility_df,house_df,495,1325,Bwire,Bwire,4,Kisanafu,Kisanafu,4,Kalyango,Kalyango,4,1976-11-19,1976-11-19,5,1,1,1,0
42.678768388703816,0.999999999999858,facility_df,house_df,2655,1313,Swabiru,Swabiru,4,Basham,Basham,4,Mande,Mande,4,1994-05-29,1994-05-29,5,1,1,1,0
42.678768388703816,0.999999999999858,facility_df,house_df,2642,3146,Charles,Charles,4,Fred,Fred,4,Mugabi,Mugabi,4,2008-06-02,2008-06-02,5,1,1,1,0
42.678768388703816,0.999999999999858,facility_df,house_df,1517,3728,Sulaiman,Sulaiman,4,Mugoda,Mugoda,4,Isingoma,Isingoma,4,1931-02-27,1931-02-27,5,1,1,1,0
42.678768388703816,0.999999999999858,facility_df,house_df,949,2882,Rose,Rose,4,Namwabira,Namwabira,4,Laila,Laila,4,1972-12-05,1972-12-05,5,2,2,1,0
42.678768388703816,0.999999999999858,facility_df,house_df,2894,3321,Tamuzadde,Tamuzadde,4,Mugoya,Mugoya,4,Mugasha,Mugasha,4,1966-08-28,1966-08-28,5,1,1,1,0
42.678768388703816,0.999999999999858,facility_df,house_df,169,3930,Apeyro,Apeyro,4,Harriet,Harriet,4,Hara,Hara,4,1950-01-30,1950-01-30,5,2,2,1,0
42.715294264728925,0.9999999999998616,facility_df,house_df,1390,3887,Waiswa,Waiswa,4,Yusufu,Yusufu,4,Kimeze,Kimeze,4,2001-03-23,2001-03-23,5,1,1,1,0
42.733909942896275,0.9999999999998633,facility_df,house_df,2695,3636,Bazi,Bazi,4,Mutale,Mutale,4,Kafumbe,Kafumbe,4,1992-09-17,1992-09-17,5,1,1,1,0
42.733909942896275,0.9999999999998633,facility_df,house_df,259,3214,Haruna,Haruna,4,Daudi,Daudi,4,Golooba,Golooba,4,1950-06-12,1950-06-12,5,1,1,1,0
42.743308640898526,0.9999999999998642,facility_df,house_df,2465,2070,Nakagiri,Nakagiri,4,Tracy,Tracy,4,Kama,Kama,4,1985-10-13,1985-10-13,5,2,2,1,0
42.755936249226274,0.9999999999998653,facility_df,house_df,123,1403,Umaru,Umaru,4,Kajete,Kajete,4,Kabuye,Kabuye,4,1994-08-30,1994-08-30,5,1,1,1,0
42.7718777930953,0.9999999999998669,facility_df,house_df,2455,176,Abdu-Hakim,Abdu-Hakim,4,Kavekuno,Kavekuno,4,Najjuma,Najjuma,4,2017-11-23,2017-11-23,5,1,1,1,0
42.778304062254726,0.9999999999998674,facility_df,house_df,333,28,Magumba,Magumba,4,Iduma,Iduma,4,Muliika,Muliika,4,2024-09-23,2024-09-23,5,1,1,1,0
42.778304062254726,0.9999999999998674,facility_df,house_df,1019,264,Buradina,Buradina,4,Namunana,Namunana,4,Ranya,Ranya,4,2023-01-09,2023-01-09,5,2,2,1,0
42.83077148214886,0.9999999999998722,facility_df,house_df,374,654,Jamiya,Jamiya,4,Namatende,Namatende,4,Imani,Imani,4,2027-01-06,2027-01-06,5,2,2,1,0
42.83077148214886,0.9999999999998722,facility_df,house_df,1226,2746,Namugose,Namugose,4,Zaina,Zaina,4,Emani,Emani,4,1992-12-17,1992-12-17,5,2,2,1,0
42.84082514681279,0.9999999999998731,facility_df,house_df,2338,1574,Maganda,Maganda,4,Ogunda,Ogunda,4,Beinomugisha,Beinomugisha,4,1931-10-03,1931-10-03,5,1,1,1,0
42.84082514681279,0.9999999999998731,facility_df,house_df,385,1285,Emmanuel,Emmanuel,4,Umairi,Umairi,4,Gamanya,Gamanya,4,1950-05-28,1950-05-28,5,1,1,1,0
42.87141346664621,0.9999999999998758,facility_df,house_df,2233,1314,Rayan,Rayan,4,Igulu,Igulu,4,Kyota,Kyota,4,1933-07-08,1933-07-08,5,1,1,1,0
42.87141346664621,0.9999999999998758,facility_df,house_df,1826,454,Mirembe,Mirembe,4,Shafiga,Shafiga,4,Rira,Rira,4,2006-11-25,2006-11-25,5,2,2,1,0
42.87141346664621,0.9999999999998758,facility_df,house_df,491,508,Christopher,Christopher,4,Hudaiya,Hudaiya,4,Kulumba,Kulumba,4,1971-05-08,1971-05-08,5,1,1,1,0
42.87141346664621,0.9999999999998758,facility_df,house_df,2392,3215,James,James,4,Musana,Musana,4,Muhairwe,Muhairwe,4,2008-02-04,2008-02-04,5,1,1,1,0
42.87141346664621,0.9999999999998758,facility_df,house_df,1451,3748,Muhamed,Muhamed,4,Kasani,Kasani,4,Kaggwa,Kaggwa,4,1940-07-27,1940-07-27,5,1,1,1,0
42.87829985223145,0.9999999999998763,facility_df,house_df,1895,3963,Haruna,Haruna,4,Baabi,Baabi,4,Kyeyune,Kyeyune,4,1991-11-11,1991-11-11,5,1,1,1,0
42.88521926617124,0.9999999999998769,facility_df,house_df,2279,2691,Amulasi,Amulasi,4,Hairat,Hairat,4,Nola,Nola,4,1947-09-17,1947-09-17,5,2,2,1,0
42.94180279453761,0.9999999999998817,facility_df,house_df,2027,2043,Jaliru,Jaliru,4,Ndibogeza,Ndibogeza,4,Kulumba,Kulumba,4,1963-01-25,1963-01-25,5,1,1,1,0
42.94180279453761,0.9999999999998817,facility_df,house_df,1130,244,Wamubi,Wamubi,4,Manisuli,Manisuli,4,Nakiwala,Nakiwala,4,2022-11-22,2022-11-22,5,1,1,1,0
42.95630236423273,0.9999999999998829,facility_df,house_df,1338,1945,Nabudo,Nabudo,4,Aidha,Aidha,4,Bisa,Bisa,4,2026-03-21,2026-03-21,5,2,2,1,0
42.95630236423273,0.9999999999998829,facility_df,house_df,1135,1524,Nsuuro,Nsuuro,4,Maganda,Maganda,4,Beinomugisha,Beinomugisha,4,1992-01-20,1992-01-20,5,1,1,1,0
42.95630236423273,0.9999999999998829,facility_df,house_df,974,366,Sowedi,Sowedi,4,Bikaba,Bikaba,4,Baguma,Baguma,4,1973-04-16,1973-04-16,5,1,1,1,0
42.97094914019713,0.999999999999884,facility_df,house_df,257,2588,Moses,Moses,4,Mugulusi,Mugulusi,4,Barasa,Barasa,4,1969-11-18,1969-11-18,5,1,1,1,0
42.978328670562725,0.9999999999998846,facility_df,house_df,789,1895,Tumusime,Tumusime,4,Hassan,Hassan,4,Mukisa,Mukisa,4,1944-04-30,1944-04-30,5,1,1,1,0
42.978328670562725,0.9999999999998846,facility_df,house_df,2116,1748,Jamawa,Jamawa,4,Rwahuya,Rwahuya,4,Rila,Rila,4,2001-10-18,2001-10-18,5,2,2,1,0
42.978328670562725,0.9999999999998846,facility_df,house_df,151,2520,Isaac,Isaac,4,Joel,Joel,4,Emuron,Emuron,4,1987-09-08,1987-09-08,5,1,1,1,0
42.978328670562725,0.9999999999998846,facility_df,house_df,2044,3619,Bakali,Bakali,4,Kibwika,Kibwika,4,Ganyana,Ganyana,4,1993-03-15,1993-03-15,5,1,1,1,0
42.978328670562725,0.9999999999998846,facility_df,house_df,1033,4098,Hawah,Hawah,4,Mwajuma,Mwajuma,4,Wira,Wira,4,1984-10-06,1984-10-06,5,2,2,1,0
42.99694434873007,0.9999999999998861,facility_df,house_df,2505,1225,Nantale,Nantale,4,Nakasango,Nakasango,4,Anaya,Anaya,4,1939-09-18,1939-09-18,5,2,2,1,0
42.998605459618744,0.9999999999998862,facility_df,house_df,2622,2292,Mere,Mere,4,Mwebaze,Mwebaze,4,Atoo,Atoo,4,1930-06-07,1930-05-31,3,1,1,1,0
43.00069648359118,0.9999999999998863,facility_df,house_df,2618,1238,Steven,Steven,4,Idi,Idi,4,Mukitale,Mukitale,4,2025-04-25,2025-04-25,5,1,1,1,0
43.02341656009126,0.9999999999998881,facility_df,house_df,1545,3410,Mawazi,Mawazi,4,Byakika,Byakika,4,Elangat,Elangat,4,1936-12-09,1936-12-09,5,1,1,1,0
43.03491219892909,0.999999999999889,facility_df,house_df,1074,2634,Kostant,Kostant,4,Iwumbwe,Iwumbwe,4,Isingoma,Isingoma,4,1956-11-11,1956-11-11,5,1,1,1,0
43.09380588798266,0.9999999999998934,facility_df,house_df,454,113,Geofrey,Geofrey,4,Baziransoni,Baziransoni,4,Mugabi,Mugabi,4,2025-01-20,2025-01-20,5,1,1,1,0
43.09380588798266,0.9999999999998934,facility_df,house_df,2854,169,Saban,Saban,4,Magola,Magola,4,Kabugo,Kabugo,4,2010-03-08,2010-03-08,5,1,1,1,0
43.09380588798266,0.9999999999998934,facility_df,house_df,1870,1116,Mukulu,Mukulu,4,Basaha,Basaha,4,Mugasha,Mugasha,4,2009-08-04,2009-08-04,5,1,1,1,0
43.09380588798266,0.9999999999998934,facility_df,house_df,2205,1211,Ahamada,Ahamada,4,Kalenzi,Kalenzi,4,Mwesigye,Mwesigye,4,2020-07-31,2020-07-31,5,1,1,1,0
43.09380588798266,0.9999999999998934,facility_df,house_df,1409,959,Malilo,Malilo,4,Mwase,Mwase,4,Mayanja,Mayanja,4,1945-04-03,1945-04-03,5,1,1,1,0
43.126227365675035,0.9999999999998959,facility_df,house_df,247,3895,Asuman,Asuman,4,Kasada,Kasada,4,Kyangwa,Kyangwa,4,1990-12-17,1990-12-17,5,1,1,1,0
43.13033176400777,0.9999999999998961,facility_df,house_df,2391,3670,Siraji,Siraji,4,Timothy,Timothy,4,Ayoo,Ayoo,4,1952-11-13,1952-11-13,5,1,1,1,0
43.19334156153357,0.9999999999999005,facility_df,house_df,2731,1405,Mutale,Mutale,4,Alone,Alone,4,Kabuye,Kabuye,4,1932-05-03,1932-05-03,5,1,1,1,0
43.19334156153357,0.9999999999999005,facility_df,house_df,1610,693,Saluwa,Saluwa,4,Somoko,Somoko,4,Yama,Yama,4,2008-07-30,2008-07-30,5,2,2,1,0
43.19334156153357,0.9999999999999005,facility_df,house_df,2020,77,Abdu,Abdu,4,Muzeyi,Muzeyi,4,Muhammed,Muhammed,4,1969-03-20,1969-03-20,5,1,1,1,0
43.19334156153357,0.9999999999999005,facility_df,house_df,1513,3465,Hafizu,Hafizu,4,Sulaiman,Sulaiman,4,Haruna,Haruna,4,2003-01-03,2003-01-03,5,1,1,1,0
43.21933677006652,0.9999999999999023,facility_df,house_df,722,40,Naiboka,Naiboka,4,Tauba,Tauba,4,Fama,Fama,4,1960-06-18,1960-06-18,5,2,2,1,0
43.21933677006652,0.9999999999999023,facility_df,house_df,349,2947,Timugibwa,Timugibwa,4,Lillian,Lillian,4,Nira,Nira,4,1971-02-14,1971-02-14,5,2,2,1,0
43.21933677006652,0.9999999999999023,facility_df,house_df,1691,3200,Phillipal,Phillipal,4,Sadati,Sadati,4,Kalyesubula,Kalyesubula,4,1946-12-28,1946-12-28,5,1,1,1,0
43.21933677006652,0.9999999999999023,facility_df,house_df,635,3662,Sulaimu,Sulaimu,4,Babi,Babi,4,Eriaku,Eriaku,4,1958-08-31,1958-08-31,5,1,1,1,0
43.24580898142771,0.9999999999999041,facility_df,house_df,904,1151,Dauson,Dauson,4,Keizi,Keizi,4,Masiko,Masiko,4,2019-02-10,2019-02-10,5,1,1,1,0
43.24580898142771,0.9999999999999041,facility_df,house_df,2589,430,Mbwali,Mbwali,4,Babone,Babone,4,Gani,Gani,4,1956-11-29,1956-11-29,5,2,2,1,0
43.24580898142771,0.9999999999999041,facility_df,house_df,2255,882,Waiswa,Waiswa,4,Martin,Martin,4,Kosiya,Kosiya,4,1951-11-19,1951-11-19,5,1,1,1,0
43.26373088942497,0.9999999999999053,facility_df,house_df,792,592,Kato,Kato,4,Ofono,Ofono,4,Kamya,Kamya,4,1992-03-26,1992-03-26,5,1,1,1,0
43.26373088942497,0.9999999999999053,facility_df,house_df,857,3079,Zahara,Zahara,4,Hajarah,Hajarah,4,Talia,Talia,4,1975-03-24,1975-03-24,5,2,2,1,0
43.286450965925056,0.9999999999999067,facility_df,house_df,1594,3412,Basalirwa,Basalirwa,4,Sulaiman,Sulaiman,4,Ayoo,Ayoo,4,1987-11-16,1987-11-16,5,1,1,1,0
43.31887244361743,0.9999999999999089,facility_df,house_df,85,1908,Ibra,Ibra,4,Jowari,Jowari,4,Abbo,Abbo,4,1947-11-12,1947-11-12,5,1,1,1,0
43.31887244361743,0.9999999999999089,facility_df,house_df,82,2198,Wambi,Wambi,4,Mugabi,Mugabi,4,Kaggwa,Kaggwa,4,1970-07-24,1970-07-24,5,1,1,1,0
43.32827114161968,0.9999999999999094,facility_df,house_df,180,603,Zakiya,Zakiya,4,Hadijah,Hadijah,4,Cira,Cira,4,1957-01-16,1957-01-16,5,2,2,1,0
43.337731470868746,0.9999999999999101,facility_df,house_df,943,3562,Hassan,Hassan,4,Swaibu,Swaibu,4,Kozel,Kozel,4,1993-01-13,1993-01-13,5,1,1,1,0
43.356840293816454,0.9999999999999112,facility_df,house_df,2650,1129,Bwana,Bwana,4,Alamanzan,Alamanzan,4,Kulumba,Kulumba,4,2025-07-30,2025-07-30,5,1,1,1,0
43.356840293816454,0.9999999999999112,facility_df,house_df,2438,1366,Haifa,Haifa,4,Alice,Alice,4,Xama,Xama,4,1945-12-20,1945-12-20,5,2,2,1,0
43.356840293816454,0.9999999999999112,facility_df,house_df,1188,3567,Kajete,Kajete,4,Deburash,Deburash,4,Mukwaya,Mukwaya,4,2023-05-23,2023-05-23,5,1,1,1,0
43.41573398287002,0.9999999999999147,facility_df,house_df,2253,488,Kiyuba,Kiyuba,4,Kalyatuka,Kalyatuka,4,Katabazi,Katabazi,4,1969-05-16,1969-05-16,5,1,1,1,0
43.41573398287002,0.9999999999999147,facility_df,house_df,2660,1621,Lawrence,Lawrence,4,Abuneli,Abuneli,4,Magyezi,Magyezi,4,1959-07-04,1959-07-04,5,1,1,1,0
43.41573398287002,0.9999999999999147,facility_df,house_df,2117,1467,Igaga,Igaga,4,Ssemata,Ssemata,4,Hassan,Hassan,4,2012-05-08,2012-05-08,5,1,1,1,0
43.41573398287002,0.9999999999999147,facility_df,house_df,1481,2455,Muwanguzi,Muwanguzi,4,Bagaga,Bagaga,4,Lubega,Lubega,4,1975-06-06,1975-06-06,5,1,1,1,0
43.41573398287002,0.9999999999999147,facility_df,house_df,237,2313,Abdallah,Abdallah,4,Richard,Richard,4,Afa,Afa,4,2021-09-12,2021-09-12,5,1,1,1,0
43.41573398287002,0.9999999999999147,facility_df,house_df,680,3246,Abatuka,Abatuka,4,Nahiya,Nahiya,4,Fanda,Fanda,4,1985-02-25,1985-02-25,5,2,2,1,0
43.41573398287002,0.9999999999999147,facility_df,house_df,1906,1809,Nulu,Nulu,4,Namakika,Namakika,4,Abena,Abena,4,2016-10-24,2016-10-24,5,2,2,1,0
43.41573398287002,0.9999999999999147,facility_df,house_df,2072,2729,Nuuludini,Nuuludini,4,Ewawala,Ewawala,4,Kozel,Kozel,4,1936-07-17,1936-07-17,5,1,1,1,0
43.456375967367364,0.9999999999999172,facility_df,house_df,12,1721,Nasiri,Nasiri,4,Kirunda,Kirunda,4,Ebitu,Ebitu,4,1959-06-02,1959-06-02,5,1,1,1,0
43.456375967367364,0.9999999999999172,facility_df,house_df,1614,2673,Nusula,Nusula,4,Nakimera,Nakimera,4,Jola,Jola,4,1937-10-03,1937-10-03,5,2,2,1,0
43.456375967367364,0.9999999999999172,facility_df,house_df,2758,797,Swabuulu,Swabuulu,4,Kayira,Kayira,4,Muhammed,Muhammed,4,1997-05-11,1997-05-11,5,1,1,1,0
43.498196143061996,0.9999999999999195,facility_df,house_df,1764,3365,Asar,Asar,4,Patience,Patience,4,Kiki,Kiki,4,1962-03-28,1962-03-28,5,2,2,1,0
43.5088433872615,0.9999999999999201,facility_df,house_df,895,1484,Nantume,Nantume,4,Nakayima,Nakayima,4,Lani,Lani,4,1974-09-28,1974-09-28,5,2,2,1,0
43.5088433872615,0.9999999999999201,facility_df,house_df,88,1845,Mugoya,Mugoya,4,Kuzaima,Kuzaima,4,Jokkene,Jokkene,4,1991-07-18,1991-07-18,5,1,1,1,0
43.56329117128388,0.9999999999999231,facility_df,house_df,2692,960,Vicky,Vicky,4,Jamawa,Jamawa,4,Kiara,Kiara,4,1947-03-23,1947-03-23,5,2,2,1,0
43.60837906081242,0.9999999999999254,facility_df,house_df,977,3948,Kalimu,Kalimu,4,Musazi,Musazi,4,Kaggwa,Kaggwa,4,1970-01-28,1970-01-28,5,1,1,1,0
43.678768388703816,0.999999999999929,facility_df,house_df,234,522,Twaifu,Twaifu,4,Haruna,Haruna,4,Mukasa,Mukasa,4,1975-01-20,1975-01-20,5,1,1,1,0
43.678768388703816,0.999999999999929,facility_df,house_df,2088,1121,Fazili,Fazili,4,Kirya,Kirya,4,Masolo,Masolo,4,1956-06-06,1956-06-06,5,1,1,1,0
43.678768388703816,0.999999999999929,facility_df,house_df,747,1321,Chris,Chris,4,Mukaya,Mukaya,4,Mwesigye,Mwesigye,4,1941-06-14,1941-06-14,5,1,1,1,0
43.678768388703816,0.999999999999929,facility_df,house_df,578,1158,Mwamadi,Mwamadi,4,Rabiyu,Rabiyu,4,Atim,Atim,4,1943-04-09,1943-04-09,5,1,1,1,0
43.733909942896275,0.9999999999999316,facility_df,house_df,328,2509,Mudungu,Mudungu,4,Ukasha,Ukasha,4,Edoni,Edoni,4,1974-05-08,1974-05-08,5,1,1,1,0
43.74016893336796,0.9999999999999319,facility_df,house_df,798,51,Amiri,Amiri,4,Fatihi,Fatihi,4,Mugenzi,Mugenzi,4,1987-02-23,1987-02-23,5,1,1,1,0
43.7718777930953,0.9999999999999334,facility_df,house_df,1254,2694,Kyakulaga,Kyakulaga,4,Wambi,Wambi,4,Madoi,Madoi,4,1981-08-08,1981-08-08,5,1,1,1,0
43.778304062254726,0.9999999999999337,facility_df,house_df,217,4044,Kuzaifa,Kuzaifa,4,Amuza,Amuza,4,Abbo,Abbo,4,1936-03-16,1936-03-16,5,1,1,1,0
43.778304062254726,0.9999999999999337,facility_df,house_df,2472,2580,Namubiru,Namubiru,4,Tibiwa,Tibiwa,4,Kira,Kira,4,2024-09-11,2024-09-11,5,2,2,1,0
43.80429927078767,0.9999999999999349,facility_df,house_df,1066,703,Magezi,Magezi,4,Basoga,Basoga,4,Kefa,Kefa,4,1975-11-07,1975-11-07,5,1,1,1,0
43.80429927078767,0.9999999999999349,facility_df,house_df,2702,3080,Namusubo,Namusubo,4,Sheirat,Sheirat,4,Mama,Mama,4,2007-12-17,2007-12-17,5,2,2,1,0
43.83077148214886,0.999999999999936,facility_df,house_df,1343,851,Specioza,Specioza,4,Patricia,Patricia,4,Zara,Zara,4,2026-03-12,2026-03-12,5,2,2,1,0
43.83077148214886,0.999999999999936,facility_df,house_df,173,1693,Rashid,Rashid,4,Kasani,Kasani,4,Jjuko,Jjuko,4,1975-09-09,1975-09-09,5,1,1,1,0
43.83077148214886,0.999999999999936,facility_df,house_df,1981,3592,Asadi,Asadi,4,Peter,Peter,4,Lwasa,Lwasa,4,1991-09-28,1991-09-28,5,1,1,1,0
43.83077148214886,0.999999999999936,facility_df,house_df,1461,2517,Sadiki,Sadiki,4,Nambago,Nambago,4,Batte,Batte,4,1976-07-08,1976-07-08,5,1,1,1,0
43.87141346664621,0.9999999999999378,facility_df,house_df,287,633,Isma,Isma,4,Ibanda,Ibanda,4,Balaba,Balaba,4,2019-04-04,2019-04-04,5,1,1,1,0
43.88521926617124,0.9999999999999385,facility_df,house_df,733,1147,Hafizu,Hafizu,4,Aramanazan,Aramanazan,4,Kakooza,Kakooza,4,1935-11-11,1935-11-11,5,1,1,1,0
43.95630236423273,0.9999999999999414,facility_df,house_df,1736,658,Sumani,Sumani,4,Mutaka,Mutaka,4,Kisitu,Kisitu,4,1949-04-16,1949-04-16,5,1,1,1,0
43.97094914019713,0.999999999999942,facility_df,house_df,109,1992,Zirifa,Zirifa,4,Namugogo,Namugogo,4,Ura,Ura,4,2007-11-10,2007-11-10,5,2,2,1,0
43.97094914019713,0.999999999999942,facility_df,house_df,2674,4070,Banda,Banda,4,Wantati,Wantati,4,Igeme,Igeme,4,1990-09-25,1990-09-25,5,1,1,1,0
43.97094914019713,0.999999999999942,facility_df,house_df,1227,3755,Efulansi,Efulansi,4,Zakia,Zakia,4,Ria,Ria,4,1997-06-13,1997-06-13,5,2,2,1,0
44.00069648359118,0.9999999999999432,facility_df,house_df,2067,1159,Matuba,Matuba,4,Musasizi,Musasizi,4,Labeja,Labeja,4,2001-05-11,2001-05-11,5,1,1,1,0
44.00069648359118,0.9999999999999432,facility_df,house_df,2746,1292,Bakibisemu,Bakibisemu,4,Katiko,Katiko,4,Kamuhanda,Kamuhanda,4,2007-12-23,2007-12-23,5,1,1,1,0
44.00069648359118,0.9999999999999432,facility_df,house_df,1543,1262,Bazigu,Bazigu,4,Asadi,Asadi,4,Daudi,Daudi,4,2002-12-06,2002-12-06,5,1,1,1,0
44.00069648359118,0.9999999999999432,facility_df,house_df,1396,2413,Daniel,Daniel,4,Bashiri,Bashiri,4,Daudi,Daudi,4,1981-12-21,1981-12-21,5,1,1,1,0
44.00069648359118,0.9999999999999432,facility_df,house_df,2524,2703,Shakibu,Shakibu,4,Nambi,Nambi,4,Nalibwama,Nalibwama,4,1942-05-29,1942-05-29,5,1,1,1,0
44.00069648359118,0.9999999999999432,facility_df,house_df,2167,3867,Kwagala,Kwagala,4,Rukia,Rukia,4,Aylin,Aylin,4,2026-05-07,2026-05-07,5,2,2,1,0
44.09380588798266,0.9999999999999467,facility_df,house_df,1982,482,Nasozi,Nasozi,4,Hajara,Hajara,4,Nyala,Nyala,4,2029-01-02,2029-01-02,5,2,2,1,0
44.09380588798266,0.9999999999999467,facility_df,house_df,1209,3482,Ababu,Ababu,4,Crispus,Crispus,4,Lwasa,Lwasa,4,2006-04-23,2006-04-23,5,1,1,1,0
44.09380588798266,0.9999999999999467,facility_df,house_df,2485,1280,Nelthan,Nelthan,4,Bagume,Bagume,4,Gani,Gani,4,1966-01-17,1966-01-17,5,2,2,1,0
44.13444787248,0.9999999999999483,facility_df,house_df,2261,1004,Tonny,Tonny,4,Muhamad,Muhamad,4,Bayo,Bayo,4,1962-10-10,1962-10-10,5,1,1,1,0
44.19334156153357,0.9999999999999503,facility_df,house_df,1168,2826,Ssebagala,Ssebagala,4,Kasani,Kasani,4,Nakyejwe,Nakyejwe,4,1959-01-01,1959-01-01,5,1,1,1,0
44.19334156153357,0.9999999999999503,facility_df,house_df,1049,2724,Saban,Saban,4,Kapere,Kapere,4,Ebitu,Ebitu,4,1947-10-03,1947-10-03,5,1,1,1,0
44.19334156153357,0.9999999999999503,facility_df,house_df,2494,2414,Mutuku,Mutuku,4,Katabazi,Katabazi,4,Jakisa,Jakisa,4,2003-02-03,2003-02-03,5,1,1,1,0
44.26373088942497,0.9999999999999527,facility_df,house_df,1612,2846,Abudu,Abudu,4,Shalifu,Shalifu,4,Gimei,Gimei,4,1993-09-09,1993-09-09,5,1,1,1,0
44.26373088942497,0.9999999999999527,facility_df,house_df,1420,3258,Bukumbi,Bukumbi,4,Kasibante,Kasibante,4,Kapere,Kapere,4,1973-07-10,1973-07-10,5,1,1,1,0
44.26373088942497,0.9999999999999527,facility_df,house_df,2568,3952,Abdu-Hakim,Abdu-Hakim,4,Rahuman,Rahuman,4,Kalyango,Kalyango,4,1939-03-05,1939-03-05,5,1,1,1,0
44.26373088942497,0.9999999999999527,facility_df,house_df,1106,3104,Kirevu,Kirevu,4,Kamuwansi,Kamuwansi,4,Mirembe,Mirembe,4,2022-03-14,2022-03-14,5,1,1,1,0
44.30025676545009,0.9999999999999538,facility_df,house_df,675,802,Mutale,Mutale,4,Busakala,Busakala,4,Emuron,Emuron,4,2019-02-03,2019-02-03,5,1,1,1,0
44.30025676545009,0.9999999999999538,facility_df,house_df,2047,2667,Jingo,Jingo,4,Luzaro,Luzaro,4,Emuron,Emuron,4,1931-05-21,1931-05-21,5,1,1,1,0
44.356840293816454,0.9999999999999556,facility_df,house_df,1908,3003,Bamulumba,Bamulumba,4,Mutono,Mutono,4,Habib,Habib,4,1947-04-06,1947-04-06,5,1,1,1,0
44.356840293816454,0.9999999999999556,facility_df,house_df,1630,2319,Ismail,Ismail,4,Haruna,Haruna,4,Karega,Karega,4,1999-10-08,1999-10-08,5,1,1,1,0
44.41573398287002,0.9999999999999574,facility_df,house_df,430,1950,Ziadi,Ziadi,4,Wangobi,Wangobi,4,Male,Male,4,1940-07-30,1940-07-30,5,1,1,1,0
44.41573398287002,0.9999999999999574,facility_df,house_df,1366,3191,Koire,Koire,4,Alima,Alima,4,Nima,Nima,4,1969-08-14,1969-08-14,5,2,2,1,0
44.41573398287002,0.9999999999999574,facility_df,house_df,2806,13,Kitimbo,Kitimbo,4,Bahati,Bahati,4,Labeja,Labeja,4,1995-10-04,1995-10-04,5,1,1,1,0
44.456375967367364,0.9999999999999586,facility_df,house_df,2055,164,Namakoye,Namakoye,4,Nadiope,Nadiope,4,Lila,Lila,4,1993-03-01,1993-03-01,5,2,2,1,0
44.498196143061996,0.9999999999999598,facility_df,house_df,2713,3275,Akimu,Akimu,4,Odongo,Odongo,4,Igomu,Igomu,4,1945-11-11,1945-11-11,5,1,1,1,0
44.54126486495388,0.9999999999999609,facility_df,house_df,1392,1131,Baby,Baby,4,Babone,Babone,4,Fama,Fama,4,1935-05-31,1935-05-31,5,2,2,1,0
44.54126486495388,0.9999999999999609,facility_df,house_df,1146,2605,Tulaifu,Tulaifu,4,Pius,Pius,4,Mwesigwa,Mwesigwa,4,1967-10-29,1967-10-29,5,1,1,1,0
44.54126486495388,0.9999999999999609,facility_df,house_df,736,3379,Wotali,Wotali,4,Azizza,Azizza,4,Bila,Bila,4,1939-01-06,1939-01-06,5,2,2,1,0
44.54126486495388,0.9999999999999609,facility_df,house_df,185,4047,Mutaka,Mutaka,4,Adam,Adam,4,Jjingo,Jjingo,4,2002-11-15,2002-11-15,5,1,1,1,0
44.60837906081242,0.9999999999999627,facility_df,house_df,1176,1138,Faibe,Faibe,4,Nanjiya,Nanjiya,4,Bintu,Bintu,4,1990-06-09,1990-06-09,5,2,2,1,0
44.678768388703816,0.9999999999999645,facility_df,house_df,849,594,Gavoola,Gavoola,4,Wakayende,Wakayende,4,Masolo,Masolo,4,1958-12-12,1958-12-12,5,1,1,1,0
44.678768388703816,0.9999999999999645,facility_df,house_df,1193,1365,Bulukani,Bulukani,4,Abu,Abu,4,Nakiwala,Nakiwala,4,1967-06-09,1967-06-09,5,1,1,1,0
44.678768388703816,0.9999999999999645,facility_df,house_df,843,2695,Rahuman,Rahuman,4,Nasiri,Nasiri,4,Nakiwala,Nakiwala,4,2025-08-18,2025-08-18,5,1,1,1,0
44.778304062254726,0.9999999999999668,facility_df,house_df,953,2631,Talemwa,Talemwa,4,Lubandi,Lubandi,4,Golooba,Golooba,4,1995-04-19,1995-04-19,5,1,1,1,0
44.83077148214886,0.999999999999968,facility_df,house_df,2016,2875,Mpuli,Mpuli,4,Bikaba,Bikaba,4,Kasibante,Kasibante,4,1932-02-11,1932-02-11,5,1,1,1,0
44.88521926617124,0.9999999999999692,facility_df,house_df,445,1148,Aza,Aza,4,Hurat,Hurat,4,Kala,Kala,4,1960-09-14,1960-09-14,5,2,2,1,0
44.88521926617124,0.9999999999999692,facility_df,house_df,1016,3285,Kigenyi,Kigenyi,4,Segawa,Segawa,4,Gamanya,Gamanya,4,2020-12-23,2020-12-23,5,1,1,1,0
44.94180279453761,0.9999999999999704,facility_df,house_df,1798,3950,Kevine,Kevine,4,Kaima,Kaima,4,Lwanga,Lwanga,4,1998-11-10,1998-11-10,5,1,1,1,0
44.95630236423273,0.9999999999999707,facility_df,house_df,712,1208,Muyende,Muyende,4,Jowali,Jowali,4,Kalyesubula,Kalyesubula,4,2020-09-08,2020-09-08,5,1,1,1,0
44.95630236423273,0.9999999999999707,facility_df,house_df,1407,1694,Bamuwaile,Bamuwaile,4,Fatiya,Fatiya,4,Vida,Vida,4,2012-06-21,2012-06-21,5,2,2,1,0
45.00069648359118,0.9999999999999716,facility_df,house_df,1189,2521,Ntule,Ntule,4,Daniel,Daniel,4,Mande,Mande,4,1988-04-09,1988-04-09,5,1,1,1,0
45.00069648359118,0.9999999999999716,facility_df,house_df,2121,3891,Azamu,Azamu,4,Kisoma,Kisoma,4,Gimei,Gimei,4,1942-04-26,1942-04-26,5,1,1,1,0
45.09380588798266,0.9999999999999734,facility_df,house_df,518,2029,Morgan,Morgan,4,Kismabira,Kismabira,4,Isingoma,Isingoma,4,1957-06-16,1957-06-16,5,1,1,1,0
45.19334156153357,0.9999999999999751,facility_df,house_df,1046,331,Balaka,Balaka,4,Lubanga,Lubanga,4,Kanusu,Kanusu,4,1950-11-27,1950-11-27,5,1,1,1,0
45.19334156153357,0.9999999999999751,facility_df,house_df,2790,2433,Fadulu,Fadulu,4,Wangobi,Wangobi,4,Nakulima,Nakulima,4,1952-08-05,1952-08-05,5,1,1,1,0
45.19334156153357,0.9999999999999751,facility_df,house_df,1540,643,Hajati,Hajati,4,Fauza,Fauza,4,Kaira,Kaira,4,1989-12-15,1989-12-15,5,2,2,1,0
45.26373088942497,0.9999999999999764,facility_df,house_df,2895,692,Ukasha,Ukasha,4,Gubayanga,Gubayanga,4,Kulubya,Kulubya,4,1987-12-24,1987-12-24,5,1,1,1,0
45.26373088942497,0.9999999999999764,facility_df,house_df,1653,1559,Wamubi,Wamubi,4,Madanda,Madanda,4,Galabuzi,Galabuzi,4,1974-07-14,1974-07-14,5,1,1,1,0
45.41573398287002,0.9999999999999787,facility_df,house_df,1589,1373,Salamusida,Salamusida,4,Naswaiba,Naswaiba,4,Jira,Jira,4,1961-06-08,1961-06-08,5,2,2,1,0
45.41573398287002,0.9999999999999787,facility_df,house_df,2675,1296,Owori,Owori,4,Namwaya,Namwaya,4,Ayoo,Ayoo,4,2011-03-11,2011-03-11,5,1,1,1,0
45.41573398287002,0.9999999999999787,facility_df,house_df,2685,3477,Restay,Restay,4,Nawanga,Nawanga,4,Achara,Achara,4,2022-06-11,2022-06-11,5,2,2,1,0
45.41573398287002,0.9999999999999787,facility_df,house_df,957,1232,Magola,Magola,4,Shakin,Shakin,4,Kyemba,Kyemba,4,1987-08-31,1987-08-31,5,1,1,1,0
45.41573398287002,0.9999999999999787,facility_df,house_df,2764,2621,Menya,Menya,4,Aziharu,Aziharu,4,Mukembo,Mukembo,4,1955-05-26,1955-05-26,5,1,1,1,0
45.498196143061996,0.9999999999999799,facility_df,house_df,537,3421,Ziliya,Ziliya,4,Nabukenya,Nabukenya,4,Qima,Qima,4,1938-01-31,1938-01-31,5,2,2,1,0
45.678768388703816,0.9999999999999822,facility_df,house_df,692,939,Racheal,Racheal,4,Aziza,Aziza,4,Isha,Isha,4,1934-04-16,1934-04-16,5,2,2,1,0
45.678768388703816,0.9999999999999822,facility_df,house_df,32,1879,Balidawa,Balidawa,4,Ashim,Ashim,4,Asim,Asim,4,1989-06-25,1989-06-25,5,1,1,1,0
45.83077148214886,0.999999999999984,facility_df,house_df,1811,2818,Amurati,Amurati,4,Bede,Bede,4,Lani,Lani,4,1968-09-10,1968-09-10,5,2,2,1,0
46.00069648359118,0.9999999999999858,facility_df,house_df,915,3478,Vicent,Vicent,4,Mulinda,Mulinda,4,Male,Male,4,1980-12-02,1980-12-02,5,1,1,1,0
46.00069648359118,0.9999999999999858,facility_df,house_df,1253,2353,Coline,Coline,4,Imuran,Imuran,4,Casmir,Casmir,4,1938-05-02,1938-05-02,5,1,1,1,0
46.19334156153357,0.9999999999999876,facility_df,house_df,2269,2887,Nansambada,Nansambada,4,Akwatulira,Akwatulira,4,Oanda,Oanda,4,1938-06-18,1938-06-18,5,2,2,1,0
46.19334156153357,0.9999999999999876,facility_df,house_df,598,2084,Zabuloni,Zabuloni,4,Muledu,Muledu,4,Kateregga,Kateregga,4,1981-02-28,1981-02-28,5,1,1,1,0
46.41573398287002,0.9999999999999893,facility_df,house_df,1381,1990,Tikabulamu,Tikabulamu,4,Kindu,Kindu,4,Hira,Hira,4,1974-05-28,1974-05-28,5,2,2,1,0
46.58565898431233,0.9999999999999906,facility_df,house_df,620,1085,Fahad,Fahad,4,Sanoni,Sanoni,4,Dhizaala,Dhizaala,4,1983-05-29,1983-05-29,5,1,1,1,0
46.58565898431233,0.9999999999999906,facility_df,house_df,2056,3308,Kagoma,Kagoma,4,Loy,Loy,4,Kooko,Kooko,4,1941-02-23,1941-02-23,5,1,1,1,0
46.678768388703816,0.9999999999999911,facility_df,house_df,1015,130,Nsubuga,Nsubuga,4,Milan,Milan,4,Kyosiima,Kyosiima,4,1969-05-01,1969-05-01,5,1,1,1,0
